#    6   60  Pure hydrogen grid                                                                                                             Mon Oct 17 08:06:05 2011
# Teff  log g  M/Mo  Mbol     BC    U      B      V      R      I      J      H      K      u      g      r      i      z      y      b-y    u-b    v-y    V-I    G-R    U-V    U-G    B-V     Age
  1500. 7.0  0.150 19.064  1.043 22.926 20.527 18.021 17.746 19.438 19.578 19.584 21.336 23.940 19.241 17.619 19.668 19.352 17.980  1.798  5.311  3.855 -2.188  0.689  6.247  4.815  2.917 1.623E+10
  1750. 7.0  0.151 18.393  0.787 22.232 20.018 17.607 17.153 18.233 18.418 18.556 19.798 23.228 18.800 17.070 18.526 18.313 17.583  1.716  5.053  3.648 -1.270  1.213  5.914  4.555  2.747 1.338E+10
  2000. 7.0  0.151 17.812  0.524 21.626 19.588 17.288 16.687 17.240 17.456 17.705 18.621 22.599 18.437 16.673 17.580 17.441 17.273  1.628  4.764  3.450 -0.519  1.610  5.553  4.274  2.582 1.078E+10
  2250. 7.0  0.151 17.297  0.281 21.083 19.203 17.016 16.299 16.427 16.651 16.968 17.633 22.038 18.113 16.368 16.807 16.712 17.003  1.541  4.510  3.266  0.069  1.866  5.231  4.028  2.428 7.879E+09
  2500. 7.0  0.152 16.837  0.059 20.590 18.855 16.778 15.974 15.757 15.963 16.330 16.817 21.529 17.822 16.128 16.191 16.094 16.764  1.460  4.275  3.095  0.532  1.986  4.934  3.803  2.286 5.479E+09
  2750. 7.0  0.152 16.420 -0.136 20.123 18.526 16.556 15.696 15.220 15.353 15.742 16.103 21.046 17.546 15.922 15.710 15.578 16.541  1.381  4.051  2.932  0.871  2.004  4.650  3.589  2.151 3.943E+09
  3000. 7.0  0.152 16.039 -0.295 19.654 18.195 16.334 15.451 14.807 14.794 15.173 15.439 20.563 17.269 15.727 15.342 15.158 16.318  1.301  3.826  2.768  1.076  1.951  4.368  3.376  2.014 3.472E+09
  3250. 7.0  0.153 15.689 -0.419 19.171 17.854 16.107 15.232 14.504 14.281 14.604 14.793 20.068 16.984 15.533 15.065 14.834 16.089  1.219  3.597  2.600  1.157  1.853  4.079  3.160  1.874 3.145E+09
  3500. 7.0  0.153 15.362 -0.506 18.666 17.496 15.868 15.025 14.274 13.827 14.046 14.162 19.549 16.683 15.332 14.844 14.586 15.849  1.134  3.360  2.425  1.149  1.727  3.782  2.937  1.728 2.927E+09
  3750. 7.0  0.154 15.058 -0.552 18.124 17.111 15.610 14.814 14.075 13.456 13.531 13.567 18.996 16.359 15.114 14.642 14.383 15.590  1.045  3.109  2.240  1.087  1.584  3.468  2.702  1.574 2.803E+09
  4000. 7.0  0.155 14.771 -0.550 17.534 16.687 15.322 14.580 13.875 13.176 13.088 13.064 18.393 16.000 14.869 14.432 14.189 15.302  0.952  2.843  2.043  0.996  1.429  3.137  2.453  1.410 2.550E+09
  4250. 7.0  0.157 14.497 -0.503 16.892 16.223 15.000 14.319 13.658 12.963 12.725 12.678 17.740 15.603 14.593 14.201 13.986 14.981  0.856  2.562  1.836  0.890  1.266  2.790  2.189  1.239 2.229E+09
  4500. 7.0  0.159 14.235 -0.432 16.247 15.754 14.667 14.046 13.433 12.783 12.450 12.372 17.086 15.197 14.305 13.960 13.778 14.649  0.766  2.287  1.638  0.781  1.109  2.454  1.931  1.077 1.955E+09
  4750. 7.0  0.162 13.975 -0.353 15.611 15.287 14.329 13.764 13.199 12.606 12.242 12.136 16.442 14.790 14.009 13.711 13.562 14.311  0.685  2.023  1.455  0.674  0.962  2.136  1.684  0.928 1.674E+09
  5000. 7.0  0.168 13.717 -0.276 14.981 14.832 13.993 13.483 12.963 12.426 12.069 11.961 15.804 14.390 13.714 13.460 13.342 13.976  0.612  1.752  1.285  0.574  0.827  1.822  1.434  0.791 1.360E+09
  5250. 7.0  0.174 13.467 -0.220 14.395 14.421 13.687 13.224 12.745 12.258 11.919 11.822 15.213 14.027 13.444 13.229 13.139 13.671  0.548  1.485  1.138  0.485  0.709  1.528  1.194  0.674 1.147E+09
  5500. 7.0  0.179 13.230 -0.184 13.878 14.060 13.413 12.992 12.551 12.107 11.785 11.703 14.693 13.705 13.202 13.022 12.957 13.398  0.495  1.251  1.017  0.406  0.606  1.280  0.993  0.576 9.696E+08
  6000. 7.0  0.188 12.802 -0.150 13.081 13.467 12.952 12.602 12.226 11.856 11.567 11.514 13.900 13.167 12.796 12.677 12.655 12.939  0.410  0.953  0.843  0.268  0.435  0.953  0.740  0.431 7.762E+08
  6500. 7.0  0.192 12.428 -0.147 12.506 12.998 12.575 12.282 11.960 11.656 11.405 11.373 13.327 12.735 12.462 12.394 12.408 12.563  0.347  0.795  0.725  0.157  0.302  0.763  0.605  0.327 6.329E+08
  7000. 7.0  0.197 12.083 -0.160 12.051 12.599 12.243 11.995 11.720 11.479 11.267 11.251 12.876 12.360 12.165 12.139 12.185 12.232  0.298  0.710  0.641  0.065  0.195  0.649  0.534  0.249 5.182E+08
  7500. 7.0  0.201 11.761 -0.181 11.677 12.248 11.942 11.734 11.501 11.317 11.143 11.141 12.506 12.026 11.895 11.906 11.981 11.932  0.256  0.672  0.578 -0.017  0.102  0.585  0.507  0.187 4.253E+08
  8000. 7.0  0.205 11.459 -0.204 11.362 11.930 11.663 11.493 11.298 11.169 11.031 11.039 12.194 11.721 11.646 11.690 11.794 11.654  0.219  0.667  0.532 -0.093  0.017  0.557  0.512  0.136 3.464E+08
  8500. 7.0  0.209 11.174 -0.226 11.087 11.638 11.401 11.266 11.109 11.031 10.928 10.942 11.924 11.437 11.412 11.488 11.620 11.392  0.185  0.686  0.499 -0.167 -0.062  0.555  0.539  0.095 2.836E+08
  9000. 7.0  0.213 10.906 -0.248 10.842 11.367 11.154 11.054 10.934 10.902 10.832 10.852 11.684 11.172 11.194 11.300 11.459 11.145  0.155  0.718  0.474 -0.239 -0.136  0.568  0.578  0.062 2.318E+08
  9500. 7.0  0.217 10.652 -0.274 10.621 11.119 10.925 10.859 10.774 10.784 10.744 10.769 11.467 10.928 10.993 11.129 11.314 10.917  0.127  0.753  0.455 -0.308 -0.206  0.585  0.618  0.033 1.878E+08
 10000. 7.0  0.220 10.411 -0.313 10.423 10.898 10.725 10.690 10.638 10.683 10.669 10.696 11.272 10.713 10.817 10.981 11.189 10.717  0.101  0.781  0.436 -0.373 -0.271  0.595  0.649  0.006 1.524E+08
 10500. 7.0  0.223 10.185 -0.379 10.253 10.717 10.563 10.555 10.531 10.603 10.607 10.636 11.104 10.536 10.678 10.865 11.093 10.556  0.076  0.795  0.415 -0.428 -0.329  0.591  0.665 -0.020 1.239E+08
 11000. 7.0  0.226  9.969 -0.468 10.114 10.570 10.437 10.451 10.449 10.540 10.556 10.585 10.966 10.395 10.569 10.776 11.017 10.430  0.053  0.803  0.395 -0.473 -0.380  0.580  0.674 -0.046 9.931E+07
 11500. 7.0  0.229  9.763 -0.584 10.007 10.460 10.347 10.377 10.390 10.493 10.514 10.543 10.859 10.291 10.492 10.713 10.961 10.341  0.031  0.806  0.376 -0.504 -0.420  0.564  0.674 -0.070 7.990E+07
 12000. 7.0  0.231  9.566 -0.693  9.890 10.351 10.258 10.302 10.328 10.442 10.468 10.498 10.742 10.188 10.414 10.648 10.902 10.253  0.013  0.793  0.352 -0.530 -0.456  0.535  0.661 -0.097 6.589E+07
 12500. 7.0  0.234  9.376 -0.793  9.759 10.240 10.169 10.222 10.260 10.388 10.418 10.450 10.612 10.085 10.333 10.577 10.837 10.165  0.000  0.761  0.322 -0.551 -0.483  0.494  0.632 -0.122 5.545E+07
 13000. 7.0  0.237  9.194 -0.891  9.626 10.136 10.085 10.145 10.191 10.332 10.368 10.402 10.479  9.988 10.253 10.506 10.772 10.082 -0.010  0.718  0.291 -0.566 -0.503  0.444  0.592 -0.145 4.702E+07
 13500. 7.0  0.239  9.018 -0.988  9.497 10.037 10.006 10.071 10.125 10.277 10.318 10.355 10.349  9.897 10.177 10.438 10.708 10.004 -0.019  0.673  0.261 -0.578 -0.519  0.394  0.550 -0.165 3.995E+07
 14000. 7.0  0.242  8.848 -1.083  9.373  9.944  9.931 10.000 10.061 10.225 10.269 10.309 10.225  9.811 10.105 10.372 10.646  9.930 -0.026  0.628  0.235 -0.588 -0.533  0.344  0.508 -0.183 3.464E+07
 14500. 7.0  0.244  8.684 -1.176  9.253  9.856  9.859  9.932  9.999 10.173 10.221 10.263 10.105  9.729 10.035 10.308 10.586  9.859 -0.032  0.583  0.211 -0.597 -0.545  0.296  0.466 -0.198 2.999E+07
 15000. 7.0  0.247  8.525 -1.265  9.139  9.772  9.790  9.866  9.939 10.123 10.174 10.219  9.990  9.651  9.968 10.246 10.528  9.790 -0.038  0.540  0.190 -0.606 -0.556  0.250  0.425 -0.212 2.620E+07
 15500. 7.0  0.250  8.372 -1.352  9.029  9.692  9.723  9.802  9.880 10.074 10.128 10.175  9.880  9.577  9.903 10.187 10.471  9.724 -0.043  0.499  0.171 -0.614 -0.566  0.206  0.386 -0.224 2.306E+07
 16000. 7.0  0.252  8.223 -1.436  8.924  9.615  9.659  9.741  9.824 10.026 10.083 10.133  9.774  9.505  9.841 10.129 10.417  9.660 -0.048  0.460  0.154 -0.621 -0.575  0.165  0.349 -0.235 2.034E+07
 16500. 7.0  0.254  8.079 -1.517  8.823  9.541  9.596  9.681  9.769  9.980 10.040 10.092  9.673  9.436  9.780 10.073 10.364  9.598 -0.052  0.422  0.138 -0.629 -0.584  0.125  0.313 -0.245 1.805E+07
 17000. 7.0  0.257  7.939 -1.597  8.726  9.470  9.536  9.624  9.715  9.935  9.997 10.051  9.575  9.370  9.722 10.018 10.312  9.538 -0.056  0.387  0.124 -0.635 -0.592  0.088  0.280 -0.254 1.600E+07
 20000. 7.0  0.270  7.180 -2.027  8.213  9.089  9.207  9.309  9.424  9.687  9.762  9.828  9.060  9.010  9.403  9.720 10.029  9.212 -0.076  0.209  0.053 -0.671 -0.633 -0.100  0.110 -0.300 7.439E+06
 25000. 7.0  0.288  6.141 -2.605  7.532  8.561  8.746  8.867  9.011  9.329  9.424  9.506  8.379  8.510  8.955  9.299  9.629  8.752 -0.102  0.001 -0.034 -0.718 -0.688 -0.320 -0.087 -0.356 2.546E+06
 30000. 7.0  0.304  5.291 -3.024  6.933  8.077  8.315  8.451  8.617  8.980  9.091  9.188  7.778  8.049  8.535  8.898  9.244  8.324 -0.121 -0.159 -0.103 -0.754 -0.727 -0.490 -0.240 -0.397 1.096E+06
 35000. 7.0  0.320  4.566 -3.389  6.462  7.680  7.955  8.095  8.271  8.656  8.770  8.868  7.306  7.669  8.176  8.550  8.901  7.964 -0.130 -0.266 -0.151 -0.767 -0.743 -0.601 -0.345 -0.421 5.757E+05
 40000. 7.0  0.338  3.925 -3.776  6.155  7.408  7.701  7.845  8.025  8.419  8.535  8.632  7.000  7.405  7.925  8.303  8.657  7.712 -0.134 -0.317 -0.176 -0.774 -0.752 -0.654 -0.394 -0.433 3.166E+05
 45000. 7.0  0.353  3.368 -4.148  5.938  7.211  7.516  7.661  7.845  8.244  8.360  8.457  6.782  7.213  7.741  8.122  8.478  7.527 -0.138 -0.347 -0.191 -0.779 -0.758 -0.686 -0.423 -0.441 1.857E+05
 50000. 7.0  0.366  2.869 -4.495  5.763  7.051  7.364  7.510  7.696  8.098  8.215  8.311  6.608  7.056  7.589  7.973  8.330  7.375 -0.140 -0.368 -0.202 -0.782 -0.762 -0.709 -0.444 -0.447 1.156E+05
 55000. 7.0  0.379  2.417 -4.814  5.613  6.911  7.231  7.379  7.566  7.971  8.088  8.184  6.458  6.920  7.457  7.842  8.200  7.242 -0.142 -0.384 -0.211 -0.784 -0.766 -0.726 -0.459 -0.452 7.754E+04
 60000. 7.0  0.394  1.999 -5.108  5.475  6.782  7.107  7.256  7.445  7.851  7.968  8.065  6.320  6.793  7.334  7.720  8.079  7.119 -0.143 -0.397 -0.217 -0.787 -0.768 -0.739 -0.471 -0.455 5.576E+04
 65000. 7.0  0.411  1.605 -5.380  5.342  6.656  6.985  7.134  7.325  7.733  7.850  7.947  6.187  6.668  7.212  7.600  7.959  6.997 -0.145 -0.408 -0.223 -0.788 -0.771 -0.751 -0.482 -0.459 4.709E+04
 70000. 7.0  0.430  1.233 -5.632  5.213  6.533  6.865  7.016  7.207  7.617  7.734  7.831  6.058  6.546  7.094  7.482  7.842  6.877 -0.146 -0.417 -0.228 -0.790 -0.773 -0.760 -0.490 -0.461 4.410E+04
 75000. 7.0  0.452  0.879 -5.867  5.085  6.410  6.746  6.897  7.089  7.500  7.618  7.715  5.930  6.425  6.975  7.364  7.724  6.758 -0.147 -0.425 -0.233 -0.792 -0.775 -0.768 -0.498 -0.464 3.458E+04
 80000. 7.0  0.472  0.552 -6.087  4.970  6.299  6.638  6.790  6.983  7.395  7.514  7.611  5.815  6.315  6.867  7.258  7.618  6.651 -0.148 -0.431 -0.237 -0.793 -0.777 -0.776 -0.504 -0.466 2.808E+04
 85000. 7.0  0.489  0.251 -6.292  4.869  6.202  6.543  6.696  6.890  7.303  7.422  7.519  5.714  6.219  6.773  7.164  7.525  6.556 -0.149 -0.437 -0.240 -0.795 -0.778 -0.782 -0.509 -0.468 2.660E+04
 90000. 7.0  0.506 -0.034 -6.486  4.771  6.108  6.452  6.605  6.799  7.214  7.334  7.431  5.616  6.126  6.682  7.074  7.435  6.464 -0.149 -0.442 -0.243 -0.796 -0.780 -0.788 -0.514 -0.470 2.945E+04
100000. 7.0  0.543 -0.569 -6.842  4.582  5.925  6.273  6.427  6.623  7.040  7.160  7.257  5.428  5.945  6.504  6.897  7.259  6.286 -0.151 -0.451 -0.248 -0.798 -0.783 -0.797 -0.523 -0.473 3.168E+04
110000. 7.0  0.576 -1.046 -7.163  4.418  5.765  6.116  6.272  6.469  6.888  7.009  7.107  5.263  5.786  6.348  6.743  7.106  6.129 -0.152 -0.459 -0.253 -0.801 -0.786 -0.805 -0.530 -0.476 1.863E+04
120000. 7.0  0.582 -1.437 -7.455  4.312  5.663  6.018  6.174  6.373  6.794  6.916  7.015  5.157  5.686  6.250  6.646  7.010  6.031 -0.153 -0.465 -0.257 -0.803 -0.788 -0.812 -0.536 -0.478 8.709E+03
130000. 7.0  0.613 -1.841 -7.723  4.170  5.525  5.882  6.039  6.239  6.662  6.785  6.885  5.015  5.548  6.115  6.512  6.877  5.895 -0.155 -0.470 -0.260 -0.806 -0.791 -0.818 -0.541 -0.481 4.535E+03
140000. 7.0  0.624 -2.181 -7.970  4.072  5.430  5.789  5.947  6.149  6.573  6.697  6.798  4.917  5.454  6.023  6.421  6.787  5.802 -0.156 -0.475 -0.263 -0.808 -0.793 -0.823 -0.545 -0.483 3.682E+03
  1500. 7.5  0.317 19.506  1.169 22.989 20.701 18.337 18.173 19.939 20.005 20.000 21.730 23.992 19.473 18.043 20.188 19.844 18.279  1.693  5.162  3.670 -2.396  0.357  5.997  4.656  2.763 1.581E+10
  1750. 7.5  0.317 18.836  0.909 22.378 20.244 17.927 17.568 18.752 18.890 19.023 20.288 23.365 19.066 17.474 19.051 18.823 17.892  1.650  4.926  3.526 -1.488  0.936  5.730  4.430  2.644 1.392E+10
  2000. 7.5  0.317 18.256  0.648 21.818 19.845 17.608 17.087 17.762 17.941 18.171 19.092 22.784 18.722 17.052 18.098 17.956 17.586  1.584  4.663  3.364 -0.734  1.385  5.416  4.174  2.510 1.234E+10
  2250. 7.5  0.317 17.744  0.398 21.315 19.489 17.346 16.694 16.942 17.159 17.465 18.143 22.264 18.420 16.736 17.309 17.222 17.329  1.512  4.425  3.202 -0.127  1.700  5.122  3.945  2.376 1.102E+10
  2500. 7.5  0.317 17.285  0.170 20.853 19.162 17.115 16.366 16.259 16.481 16.839 17.340 21.786 18.144 16.490 16.671 16.597 17.099  1.440  4.204  3.048  0.360  1.872  4.848  3.734  2.249 1.005E+10
  2750. 7.5  0.317 16.871 -0.031 20.413 18.851 16.902 16.084 15.702 15.876 16.265 16.640 21.333 17.882 16.284 16.167 16.068 16.885  1.368  3.995  2.899  0.729  1.930  4.586  3.536  2.125 8.878E+09
  3000. 7.5  0.317 16.492 -0.198 19.973 18.539 16.690 15.838 15.263 15.326 15.717 15.996 20.880 17.619 16.093 15.776 15.630 16.672  1.294  3.787  2.748  0.972  1.906  4.325  3.340  1.999 7.765E+09
  3250. 7.5  0.318 16.144 -0.329 19.519 18.216 16.473 15.619 14.936 14.815 15.166 15.373 20.414 17.347 15.906 15.481 15.284 16.454  1.218  3.575  2.592  1.089  1.827  4.058  3.140  1.869 6.749E+09
  3500. 7.5  0.318 15.821 -0.423 19.041 17.874 16.244 15.414 14.691 14.353 14.625 14.769 19.924 17.060 15.712 15.251 15.019 16.224  1.137  3.355  2.428  1.106  1.714  3.781  2.933  1.732 5.702E+09
  3750. 7.5  0.319 15.519 -0.477 18.526 17.506 15.996 15.209 14.489 13.959 14.107 14.182 19.398 16.749 15.504 15.049 14.807 15.976  1.051  3.121  2.252  1.059  1.579  3.485  2.713  1.585 4.723E+09
  4000. 7.5  0.319 15.237 -0.496 17.982 17.116 15.733 14.996 14.302 13.660 13.652 13.662 18.843 16.419 15.281 14.854 14.622 15.713  0.963  2.876  2.069  0.981  1.433  3.179  2.484  1.432 4.157E+09
  4250. 7.5  0.320 14.972 -0.467 17.381 16.683 15.438 14.759 14.104 13.438 13.273 13.249 18.232 16.052 15.031 14.644 14.436 15.418  0.870  2.609  1.870  0.882  1.275  2.847  2.234  1.267 3.670E+09
  4500. 7.5  0.321 14.720 -0.409 16.764 16.238 15.129 14.507 13.898 13.262 12.980 12.927 17.605 15.670 14.765 14.424 14.245 15.110  0.780  2.339  1.673  0.777  1.120  2.515  1.980  1.105 3.136E+09
  4750. 7.5  0.323 14.479 -0.340 16.162 15.800 14.819 14.253 13.690 13.104 12.769 12.680 16.995 15.291 14.497 14.201 14.054 14.801  0.698  2.082  1.491  0.674  0.975  2.203  1.739  0.956 2.657E+09
  5000. 7.5  0.326 14.247 -0.266 15.573 15.376 14.513 14.000 13.482 12.950 12.609 12.507 16.399 14.921 14.231 13.978 13.862 14.495  0.624  1.827  1.323  0.575  0.839  1.902  1.503  0.820 2.162E+09
  5250. 7.5  0.329 14.022 -0.209 15.027 14.988 14.230 13.765 13.288 12.807 12.479 12.384 15.846 14.581 13.985 13.771 13.683 14.214  0.560  1.582  1.175  0.486  0.720  1.623  1.279  0.701 1.739E+09
  5500. 7.5  0.333 13.809 -0.169 14.526 14.644 13.978 13.555 13.115 12.679 12.368 12.285 15.342 14.279 13.765 13.586 13.523 13.963  0.504  1.345  1.046  0.406  0.616  1.365  1.070  0.599 1.512E+09
  6000. 7.5  0.338 13.415 -0.135 13.717 14.075 13.550 13.199 12.823 12.460 12.182 12.126 14.534 13.771 13.393 13.273 13.253 13.536  0.416  0.992  0.857  0.270  0.442  0.987  0.769  0.443 1.229E+09
  6500. 7.5  0.341 13.058 -0.136 13.130 13.621 13.194 12.900 12.578 12.279 12.034 12.001 13.950 13.356 13.081 13.011 13.027 13.182  0.350  0.799  0.731  0.158  0.306  0.766  0.605  0.333 1.022E+09
  7000. 7.5  0.343 12.729 -0.154 12.677 13.241 12.883 12.635 12.359 12.121 11.911 11.895 13.500 13.003 12.806 12.778 12.824 12.872  0.300  0.692  0.644  0.066  0.198  0.631  0.515  0.254 8.614E+08
  7500. 7.5  0.345 12.422 -0.180 12.310 12.910 12.603 12.394 12.158 11.977 11.802 11.800 13.136 12.690 12.556 12.564 12.639 12.593  0.259  0.636  0.582 -0.013  0.107  0.551  0.470  0.193 7.333E+08
  8000. 7.5  0.347 12.135 -0.210 12.001 12.615 12.345 12.172 11.972 11.845 11.704 11.712 12.830 12.406 12.326 12.365 12.467 12.336  0.224  0.613  0.537 -0.085  0.027  0.507  0.457  0.144 6.281E+08
  8500. 7.5  0.349 11.865 -0.239 11.733 12.345 12.104 11.964 11.799 11.722 11.613 11.629 12.566 12.145 12.111 12.181 12.308 12.095  0.193  0.614  0.506 -0.154 -0.046  0.488  0.465  0.106 5.411E+08
  9000. 7.5  0.352 11.610 -0.266 11.496 12.096 11.876 11.769 11.638 11.608 11.528 11.551 12.332 11.902 11.910 12.008 12.161 11.868  0.165  0.629  0.486 -0.221 -0.115  0.486  0.487  0.076 4.681E+08
  9500. 7.5  0.354 11.368 -0.296 11.282 11.867 11.664 11.588 11.490 11.502 11.450 11.478 12.120 11.677 11.724 11.848 12.027 11.655  0.139  0.650  0.471 -0.286 -0.179  0.491  0.513  0.052 4.066E+08
 10000. 7.5  0.356 11.138 -0.332 11.087 11.658 11.470 11.424 11.357 11.406 11.379 11.411 11.928 11.471 11.555 11.704 11.907 11.462  0.116  0.670  0.459 -0.347 -0.240  0.497  0.537  0.031 3.543E+08
 10500. 7.5  0.359 10.920 -0.388 10.917 11.480 11.307 11.287 11.248 11.326 11.318 11.354 11.760 11.296 11.413 11.586 11.807 11.299  0.095  0.682  0.445 -0.401 -0.293  0.495  0.552  0.011 3.097E+08
 11000. 7.5  0.361 10.711 -0.460 10.766 11.327 11.171 11.173 11.158 11.260 11.266 11.304 11.611 11.148 11.295 11.488 11.726 11.163  0.075  0.685  0.431 -0.448 -0.341  0.484  0.556 -0.009 2.715E+08
 11500. 7.5  0.363 10.513 -0.549 10.641 11.202 11.062 11.083 11.087 11.207 11.224 11.263 11.486 11.028 11.202 11.412 11.662 11.054  0.056  0.686  0.416 -0.488 -0.384  0.471  0.558 -0.028 2.384E+08
 12000. 7.5  0.364 10.322 -0.662 10.550 11.110 10.985 11.021 11.038 11.169 11.191 11.231 11.395 10.940 11.136 11.359 11.616 10.977  0.039  0.687  0.403 -0.516 -0.418  0.457  0.557 -0.045 2.096E+08
 12500. 7.5  0.366 10.139 -0.775 10.459 11.024 10.914 10.962 10.992 11.132 11.158 11.198 11.305 10.858 11.076 11.310 11.572 10.907  0.022  0.681  0.386 -0.540 -0.449  0.438  0.551 -0.064 1.846E+08
 13000. 7.5  0.368  9.964 -0.876 10.354 10.931 10.840 10.898 10.939 11.090 11.120 11.161 11.200 10.771 11.009 11.254 11.522 10.834  0.008  0.662  0.363 -0.561 -0.477  0.408  0.533 -0.086 1.628E+08
 13500. 7.5  0.370  9.795 -0.972 10.241 10.839 10.767 10.832 10.882 11.045 11.080 11.123 11.087 10.686 10.941 11.195 11.468 10.762 -0.003  0.630  0.336 -0.577 -0.499  0.368  0.504 -0.109 1.438E+08
 14000. 7.5  0.372  9.631 -1.067 10.128 10.751 10.698 10.769 10.826 10.999 11.039 11.084 10.975 10.605 10.876 11.137 11.415 10.694 -0.012  0.592  0.307 -0.589 -0.516  0.324  0.470 -0.131 1.272E+08
 14500. 7.5  0.373  9.474 -1.159 10.019 10.667 10.633 10.707 10.772 10.955 10.999 11.046 10.865 10.529 10.813 11.081 11.363 10.630 -0.020  0.553  0.281 -0.599 -0.531  0.280  0.433 -0.150 1.126E+08
 15000. 7.5  0.375  9.321 -1.249  9.913 10.588 10.570 10.649 10.719 10.912 10.959 11.008 10.759 10.456 10.753 11.026 11.312 10.568 -0.027  0.514  0.256 -0.608 -0.544  0.236  0.397 -0.167 9.982E+07
 15500. 7.5  0.377  9.174 -1.336  9.811 10.512 10.509 10.591 10.667 10.869 10.920 10.971 10.657 10.386 10.694 10.973 11.262 10.508 -0.033  0.476  0.234 -0.617 -0.556  0.195  0.362 -0.182 8.868E+07
 16000. 7.5  0.379  9.030 -1.420  9.712 10.440 10.451 10.536 10.617 10.827 10.881 10.935 10.559 10.319 10.637 10.921 11.213 10.450 -0.039  0.440  0.214 -0.625 -0.566  0.155  0.327 -0.196 7.890E+07
 16500. 7.5  0.381  8.891 -1.502  9.617 10.370 10.394 10.481 10.567 10.786 10.843 10.899 10.463 10.254 10.582 10.870 11.165 10.393 -0.044  0.404  0.195 -0.632 -0.576  0.116  0.293 -0.208 7.048E+07
 17000. 7.5  0.383  8.756 -1.582  9.526 10.303 10.338 10.429 10.519 10.746 10.806 10.864 10.372 10.192 10.529 10.821 11.119 10.339 -0.048  0.370  0.178 -0.639 -0.584  0.080  0.262 -0.219 6.316E+07
 20000. 7.5  0.394  8.019 -2.014  9.037  9.938 10.033 10.138 10.251 10.520 10.594 10.663  9.882  9.853 10.233 10.547 10.859 10.036 -0.071  0.197  0.097 -0.674 -0.629 -0.105  0.098 -0.272 3.171E+07
 25000. 7.5  0.411  7.003 -2.592  8.380  9.428  9.596  9.720  9.863 10.186 10.279 10.364  9.224  9.373  9.809 10.150 10.482  9.601 -0.098 -0.008 -0.001 -0.721 -0.685 -0.324 -0.096 -0.334 1.675E+07
 30000. 7.5  0.428  6.169 -3.014  7.798  8.957  9.182  9.320  9.486  9.852  9.961 10.061  8.642  8.927  9.404  9.766 10.113  9.190 -0.118 -0.165 -0.080 -0.755 -0.725 -0.493 -0.247 -0.381 9.661E+06
 35000. 7.5  0.450  5.445 -3.384  7.335  8.562  8.829  8.970  9.146  9.533  9.648  9.748  8.179  8.549  9.052  9.424  9.777  8.838 -0.128 -0.269 -0.137 -0.768 -0.743 -0.603 -0.347 -0.410 4.587E+06
 40000. 7.5  0.464  4.830 -3.775  7.058  8.318  8.605  8.750  8.930  9.327  9.443  9.542  7.903  8.314  8.830  9.208  9.563  8.615 -0.133 -0.318 -0.164 -0.776 -0.752 -0.655 -0.395 -0.424 3.095E+06
 45000. 7.5  0.480  4.283 -4.151  6.855  8.134  8.434  8.580  8.764  9.166  9.282  9.381  7.700  8.135  8.660  9.041  9.398  8.444 -0.137 -0.348 -0.182 -0.780 -0.758 -0.687 -0.424 -0.434 2.248E+06
 50000. 7.5  0.496  3.790 -4.500  6.689  7.981  8.290  8.438  8.624  9.029  9.146  9.244  7.533  7.986  8.517  8.900  9.258  8.301 -0.140 -0.369 -0.194 -0.784 -0.763 -0.709 -0.444 -0.441 1.691E+06
 55000. 7.5  0.512  3.341 -4.822  6.545  7.848  8.164  8.312  8.501  8.907  9.025  9.124  7.390  7.855  8.391  8.776  9.135  8.175 -0.142 -0.385 -0.204 -0.786 -0.767 -0.726 -0.460 -0.446 1.286E+06
 60000. 7.5  0.527  2.932 -5.119  6.419  7.729  8.051  8.200  8.390  8.799  8.917  9.015  7.263  7.739  8.279  8.665  9.025  8.062 -0.143 -0.398 -0.212 -0.789 -0.769 -0.740 -0.472 -0.451 9.633E+05
 65000. 7.5  0.541  2.555 -5.393  6.305  7.622  7.948  8.099  8.290  8.700  8.819  8.917  7.150  7.633  8.177  8.565  8.925  7.960 -0.145 -0.408 -0.219 -0.791 -0.772 -0.751 -0.482 -0.454 7.402E+05
 70000. 7.5  0.555  2.206 -5.648  6.201  7.523  7.854  8.005  8.197  8.609  8.728  8.826  7.046  7.537  8.083  8.472  8.832  7.866 -0.146 -0.417 -0.224 -0.792 -0.774 -0.760 -0.490 -0.458 5.684E+05
 75000. 7.5  0.569  1.880 -5.885  6.104  7.431  7.766  7.918  8.111  8.524  8.643  8.741  6.949  7.446  7.995  8.385  8.746  7.778 -0.147 -0.425 -0.229 -0.794 -0.776 -0.769 -0.498 -0.460 4.470E+05
 80000. 7.5  0.583  1.572 -6.107  6.011  7.342  7.679  7.832  8.026  8.440  8.560  8.658  6.856  7.358  7.909  8.300  8.662  7.691 -0.148 -0.431 -0.234 -0.795 -0.778 -0.776 -0.504 -0.463 3.536E+05
 85000. 7.5  0.599  1.281 -6.316  5.921  7.256  7.596  7.749  7.944  8.359  8.479  8.577  6.766  7.273  7.826  8.218  8.580  7.608 -0.149 -0.437 -0.237 -0.797 -0.780 -0.782 -0.510 -0.465 2.728E+05
 90000. 7.5  0.613  1.006 -6.511  5.836  7.175  7.518  7.671  7.867  8.283  8.403  8.501  6.682  7.193  7.748  8.141  8.503  7.530 -0.150 -0.443 -0.241 -0.798 -0.781 -0.788 -0.515 -0.467 2.056E+05
100000. 7.5  0.639  0.503 -6.871  5.684  7.027  7.375  7.529  7.726  8.144  8.265  8.363  6.529  7.047  7.606  8.000  8.363  7.387 -0.151 -0.452 -0.247 -0.800 -0.784 -0.798 -0.523 -0.471 1.241E+05
110000. 7.5  0.667  0.043 -7.196  5.540  6.888  7.239  7.395  7.593  8.012  8.133  8.232  6.385  6.909  7.471  7.866  8.230  7.252 -0.152 -0.459 -0.252 -0.802 -0.787 -0.806 -0.530 -0.474 8.936E+04
120000. 7.5  0.699 -0.384 -7.491  5.400  6.752  7.107  7.263  7.462  7.883  8.005  8.104  6.246  6.775  7.339  7.735  8.100  7.119 -0.154 -0.465 -0.256 -0.804 -0.789 -0.813 -0.536 -0.477 7.294E+04
130000. 7.5  0.720 -0.764 -7.761  5.284  6.640  6.997  7.154  7.355  7.777  7.900  7.999  6.130  6.664  7.230  7.627  7.992  7.010 -0.155 -0.470 -0.260 -0.806 -0.791 -0.818 -0.541 -0.479 6.132E+04
140000. 7.5  0.739 -1.115 -8.010  5.177  6.536  6.895  7.053  7.255  7.678  7.802  7.901  6.023  6.560  7.129  7.527  7.893  6.908 -0.156 -0.475 -0.263 -0.808 -0.793 -0.824 -0.545 -0.481 4.168E+04
  1500. 8.0  0.575 20.108  1.299 23.196 21.025 18.809 18.727 20.472 20.459 20.453 22.092 24.190 19.861 18.598 20.752 20.395 18.740  1.580  4.995  3.469 -2.460  0.109  5.735  4.491  2.594 1.481E+10
  1750. 8.0  0.575 19.438  1.024 22.662 20.628 18.415 18.137 19.353 19.385 19.495 20.697 23.636 19.494 18.040 19.672 19.424 18.370  1.574  4.770  3.385 -1.609  0.702  5.507  4.272  2.527 1.413E+10
  2000. 8.0  0.575 18.858  0.760 22.163 20.264 18.098 17.648 18.398 18.538 18.754 19.657 23.121 19.172 17.602 18.734 18.588 18.069  1.534  4.547  3.265 -0.892  1.187  5.258  4.060  2.429 1.350E+10
  2250. 8.0  0.575 18.347  0.508 21.702 19.934 17.838 17.250 17.590 17.789 18.076 18.752 22.644 18.887 17.271 17.952 17.867 17.817  1.479  4.331  3.134 -0.290  1.534  5.004  3.854  2.320 1.291E+10
  2500. 8.0  0.575 17.889  0.276 21.273 19.629 17.613 16.917 16.910 17.122 17.469 17.972 22.202 18.625 17.015 17.308 17.247 17.595  1.419  4.129  3.001  0.200  1.750  4.759  3.663  2.210 1.235E+10
  2750. 8.0  0.575 17.475  0.072 20.858 19.332 17.402 16.629 16.339 16.535 16.914 17.312 21.774 18.373 16.801 16.782 16.711 17.385  1.356  3.936  2.866  0.586  1.850  4.520  3.481  2.099 1.181E+10
  3000. 8.0  0.575 17.097 -0.101 20.444 19.036 17.198 16.379 15.879 15.999 16.389 16.676 21.349 18.122 16.611 16.370 16.259 17.180  1.289  3.745  2.729  0.859  1.857  4.282  3.301  1.985 1.130E+10
  3250. 8.0  0.576 16.749 -0.239 20.015 18.727 16.988 16.156 15.526 15.495 15.865 16.084 20.908 17.861 16.427 16.053 15.892 16.968  1.217  3.550  2.585  1.013  1.800  4.035  3.117  1.864 1.081E+10
  3500. 8.0  0.576 16.427 -0.341 19.563 18.401 16.768 15.952 15.263 15.031 15.342 15.504 20.445 17.586 16.240 15.809 15.608 16.747  1.141  3.346  2.431  1.059  1.701  3.777  2.926  1.736 1.027E+10
  3750. 8.0  0.576 16.126 -0.403 19.073 18.048 16.530 15.750 15.052 14.620 14.833 14.944 19.945 17.287 16.039 15.603 15.383 16.509  1.059  3.128  2.265  1.030  1.574  3.500  2.721  1.597 9.645E+09
  4000. 8.0  0.576 15.845 -0.436 18.564 17.680 16.282 15.549 14.868 14.297 14.368 14.412 19.426 16.975 15.830 15.415 15.197 16.261  0.975  2.903  2.093  0.964  1.437  3.215  2.510  1.453 9.013E+09
  4250. 8.0  0.577 15.581 -0.424 17.998 17.272 16.005 15.327 14.681 14.054 13.969 13.970 18.850 16.629 15.597 15.217 15.018 15.985  0.884  2.653  1.903  0.872  1.285  2.900  2.275  1.295 8.352E+09
  4500. 8.0  0.578 15.332 -0.381 17.405 16.845 15.713 15.091 14.487 13.871 13.650 13.623 18.248 16.265 15.347 15.010 14.837 15.693  0.794  2.391  1.710  0.773  1.132  2.577  2.030  1.135 7.582E+09
  4750. 8.0  0.578 15.095 -0.322 16.818 16.421 15.417 14.850 14.289 13.715 13.416 13.350 17.652 15.900 15.093 14.799 14.655 15.398  0.711  2.136  1.526  0.673  0.987  2.265  1.790  0.985 6.737E+09
  5000. 8.0  0.580 14.870 -0.255 16.251 16.012 15.126 14.611 14.094 13.570 13.248 13.157 17.078 15.545 14.841 14.589 14.475 15.107  0.636  1.891  1.358  0.576  0.852  1.973  1.563  0.848 5.688E+09
  5250. 8.0  0.582 14.654 -0.199 15.723 15.634 14.853 14.385 13.910 13.435 13.119 13.027 16.545 15.215 14.605 14.392 14.305 14.836  0.571  1.659  1.210  0.487  0.732  1.703  1.350  0.729 4.401E+09
  5500. 8.0  0.584 14.447 -0.156 15.236 15.291 14.603 14.179 13.740 13.310 13.010 12.928 16.053 14.914 14.388 14.210 14.149 14.587  0.514  1.438  1.080  0.407  0.626  1.454  1.150  0.624 3.170E+09
  6000. 8.0  0.588 14.063 -0.117 14.404 14.718 14.181 13.828 13.453 13.099 12.831 12.774 15.219 14.408 14.022 13.902 13.884 14.167  0.422  1.053  0.875  0.271  0.449  1.040  0.816  0.458 2.241E+09
  6500. 8.0  0.590 13.712 -0.121 13.786 14.265 13.832 13.538 13.216 12.924 12.686 12.652 14.605 13.998 13.719 13.649 13.665 13.820  0.354  0.816  0.738  0.159  0.310  0.780  0.616  0.341 1.828E+09
  7000. 8.0  0.592 13.387 -0.144 13.319 13.890 13.531 13.284 13.006 12.772 12.565 12.550 14.140 13.652 13.455 13.425 13.472 13.520  0.302  0.684  0.645  0.067  0.200  0.622  0.504  0.258 1.520E+09
  7500. 8.0  0.593 13.084 -0.176 12.945 13.568 13.261 13.053 12.814 12.635 12.461 12.459 13.769 13.349 13.215 13.220 13.295 13.251  0.261  0.609  0.582 -0.011  0.110  0.524  0.442  0.196 1.274E+09
  8000. 8.0  0.595 12.801 -0.212 12.632 13.282 13.013 12.839 12.636 12.510 12.367 12.376 13.459 13.077 12.995 13.030 13.130 13.004  0.227  0.571  0.538 -0.081  0.033  0.466  0.413  0.149 1.075E+09
  8500. 8.0  0.596 12.535 -0.247 12.364 13.025 12.783 12.640 12.470 12.393 12.279 12.297 13.193 12.827 12.789 12.853 12.978 12.774  0.197  0.556  0.509 -0.146 -0.037  0.433  0.407  0.113 9.170E+08
  9000. 8.0  0.598 12.285 -0.282 12.127 12.788 12.566 12.453 12.315 12.284 12.198 12.222 12.958 12.596 12.597 12.687 12.836 12.557  0.172  0.557  0.490 -0.207 -0.100  0.419  0.414  0.086 7.919E+08
  9500. 8.0  0.599 12.047 -0.315 11.913 12.570 12.363 12.279 12.170 12.183 12.121 12.152 12.746 12.382 12.417 12.532 12.704 12.354  0.149  0.566  0.479 -0.267 -0.159  0.414  0.427  0.066 6.894E+08
 10000. 8.0  0.600 11.822 -0.352 11.717 12.369 12.174 12.118 12.039 12.090 12.050 12.086 12.552 12.184 12.252 12.390 12.585 12.165  0.128  0.576  0.471 -0.325 -0.214  0.413  0.441  0.050 6.033E+08
 10500. 8.0  0.602 11.607 -0.403 11.544 12.194 12.010 11.979 11.926 12.009 11.989 12.028 12.381 12.011 12.109 12.268 12.483 12.000  0.110  0.583  0.464 -0.377 -0.263  0.409  0.451  0.036 5.307E+08
 11000. 8.0  0.603 11.403 -0.464 11.387 12.038 11.867 11.859 11.829 11.939 11.934 11.977 12.225 11.859 11.984 12.163 12.395 11.858  0.093  0.583  0.454 -0.424 -0.308  0.398  0.453  0.022 4.695E+08
 11500. 8.0  0.604 11.208 -0.542 11.249 11.907 11.749 11.760 11.750 11.881 11.887 11.933 12.088 11.732 11.882 12.078 12.323 11.740  0.077  0.576  0.442 -0.464 -0.347  0.381  0.448  0.007 4.179E+08
 12000. 8.0  0.606 11.021 -0.630 11.130 11.795 11.651 11.678 11.685 11.833 11.848 11.895 11.970 11.624 11.797 12.008 12.264 11.641  0.061  0.570  0.430 -0.498 -0.383  0.364  0.442 -0.007 3.735E+08
 12500. 8.0  0.607 10.841 -0.735 11.040 11.709 11.577 11.618 11.638 11.797 11.817 11.866 11.881 11.541 11.734 11.957 12.221 11.567  0.047  0.566  0.420 -0.526 -0.413  0.350  0.438 -0.020 3.348E+08
 13000. 8.0  0.608 10.669 -0.849 10.967 11.639 11.518 11.570 11.600 11.767 11.792 11.841 11.807 11.475 11.684 11.917 12.186 11.509  0.035  0.562  0.409 -0.547 -0.438  0.336  0.433 -0.032 3.005E+08
 13500. 8.0  0.609 10.503 -0.954 10.885 11.564 11.457 11.519 11.559 11.735 11.763 11.812 11.726 11.404 11.631 11.873 12.147 11.449  0.022  0.553  0.394 -0.567 -0.464  0.316  0.424 -0.048 2.701E+08
 14000. 8.0  0.610 10.343 -1.050 10.792 11.484 11.393 11.463 11.513 11.698 11.731 11.781 11.633 11.329 11.573 11.825 12.104 11.386  0.010  0.534  0.374 -0.585 -0.487  0.288  0.407 -0.067 2.431E+08
 14500. 8.0  0.611 10.188 -1.142 10.695 11.404 11.330 11.406 11.465 11.660 11.697 11.749 11.536 11.255 11.515 11.774 12.058 11.324 -0.001  0.507  0.350 -0.598 -0.507  0.254  0.383 -0.088 2.189E+08
 15000. 8.0  0.613 10.039 -1.232 10.597 11.327 11.271 11.351 11.417 11.621 11.662 11.716 11.439 11.185 11.458 11.724 12.012 11.265 -0.009  0.476  0.325 -0.609 -0.523  0.216  0.355 -0.108 1.972E+08
 15500. 8.0  0.614  9.895 -1.319 10.502 11.254 11.214 11.298 11.370 11.582 11.628 11.684 11.344 11.117 11.403 11.676 11.967 11.209 -0.017  0.443  0.301 -0.619 -0.537  0.178  0.325 -0.126 1.778E+08
 16000. 8.0  0.615  9.755 -1.404 10.410 11.183 11.159 11.246 11.324 11.545 11.593 11.652 11.252 11.053 11.350 11.628 11.923 11.155 -0.024  0.410  0.278 -0.627 -0.549  0.141  0.294 -0.143 1.603E+08
 16500. 8.0  0.616  9.619 -1.486 10.320 11.115 11.105 11.196 11.279 11.508 11.559 11.620 11.162 10.991 11.298 11.582 11.879 11.102 -0.030  0.378  0.257 -0.635 -0.561  0.104  0.264 -0.158 1.445E+08
 17000. 8.0  0.617  9.488 -1.566 10.233 11.050 11.054 11.147 11.235 11.471 11.526 11.588 11.076 10.931 11.249 11.536 11.837 11.051 -0.036  0.346  0.237 -0.642 -0.571  0.069  0.235 -0.172 1.303E+08
 20000. 8.0  0.624  8.770 -2.000  9.768 10.701 10.770 10.878 10.989 11.266 11.336 11.409 10.611 10.609 10.974 11.284 11.599 10.770 -0.062  0.180  0.144 -0.677 -0.620 -0.112  0.079 -0.234 6.896E+07
 25000. 8.0  0.635  7.782 -2.578  9.139 10.212 10.360 10.487 10.629 10.959 11.049 11.137  9.982 10.152 10.577 10.915 11.249 10.364 -0.092 -0.020  0.033 -0.724 -0.680 -0.329 -0.109 -0.306 2.216E+07
 30000. 8.0  0.646  6.972 -3.001  8.583  9.760  9.972 10.112 10.276 10.648 10.754 10.855  9.427  9.727 10.197 10.557 10.905  9.979 -0.114 -0.174 -0.057 -0.757 -0.721 -0.497 -0.257 -0.360 9.239E+06
 35000. 8.0  0.661  6.277 -3.378  8.159  9.396  9.655  9.798  9.973 10.364 10.477 10.579  9.003  9.382  9.881 10.251 10.605  9.663 -0.126 -0.273 -0.122 -0.770 -0.741 -0.604 -0.352 -0.395 6.331E+06
 40000. 8.0  0.672  5.679 -3.773  7.905  9.172  9.453  9.599  9.779 10.178 10.294 10.395  8.749  9.167  9.679 10.056 10.412  9.462 -0.132 -0.321 -0.153 -0.777 -0.751 -0.655 -0.398 -0.413 4.018E+06
 45000. 8.0  0.682  5.151 -4.152  7.724  9.009  9.303  9.451  9.635 10.039 10.156 10.256  8.569  9.009  9.531  9.911 10.269  9.313 -0.136 -0.350 -0.173 -0.782 -0.758 -0.687 -0.426 -0.424 2.808E+06
 50000. 8.0  0.694  4.676 -4.504  7.578  8.875  9.179  9.328  9.515  9.922 10.040 10.140  8.422  8.879  9.408  9.790 10.149  9.190 -0.139 -0.370 -0.187 -0.785 -0.763 -0.709 -0.446 -0.432 1.818E+06
 55000. 8.0  0.703  4.247 -4.828  7.457  8.763  9.075  9.225  9.414  9.823  9.942 10.042  8.301  8.770  9.304  9.689 10.048  9.086 -0.141 -0.386 -0.198 -0.788 -0.767 -0.726 -0.461 -0.439 1.534E+06
 60000. 8.0  0.713  3.854 -5.127  7.349  8.663  8.981  9.132  9.322  9.733  9.852  9.952  8.193  8.672  9.210  9.597  9.957  8.992 -0.143 -0.398 -0.206 -0.790 -0.770 -0.740 -0.473 -0.444 1.257E+06
 65000. 8.0  0.722  3.492 -5.403  7.252  8.572  8.895  9.047  9.239  9.651  9.771  9.871  8.096  8.583  9.125  9.513  9.874  8.907 -0.144 -0.409 -0.214 -0.792 -0.773 -0.751 -0.483 -0.448 1.055E+06
 70000. 8.0  0.732  3.156 -5.660  7.163  8.488  8.816  8.969  9.162  9.576  9.696  9.795  8.008  8.501  9.047  9.436  9.797  8.828 -0.146 -0.418 -0.220 -0.794 -0.775 -0.760 -0.491 -0.452 9.011E+05
 75000. 8.0  0.741  2.843 -5.900  7.081  8.411  8.743  8.896  9.090  9.505  9.626  9.725  7.926  8.426  8.973  9.364  9.726  8.755 -0.147 -0.425 -0.226 -0.796 -0.777 -0.769 -0.498 -0.456 7.773E+05
 80000. 8.0  0.750  2.550 -6.124  7.004  8.338  8.674  8.827  9.022  9.438  9.559  9.659  7.849  8.354  8.904  9.296  9.658  8.685 -0.148 -0.432 -0.230 -0.797 -0.779 -0.776 -0.505 -0.459 6.760E+05
 85000. 8.0  0.759  2.274 -6.334  6.932  8.269  8.607  8.761  8.957  9.375  9.496  9.595  7.777  8.286  8.838  9.231  9.593  8.619 -0.149 -0.438 -0.235 -0.799 -0.781 -0.782 -0.510 -0.461 5.907E+05
 90000. 8.0  0.768  2.013 -6.532  6.863  8.203  8.544  8.699  8.896  9.314  9.436  9.535  7.708  8.221  8.776  9.169  9.532  8.557 -0.150 -0.443 -0.239 -0.800 -0.782 -0.788 -0.515 -0.464 5.195E+05
100000. 8.0  0.785  1.530 -6.895  6.734  8.080  8.426  8.581  8.779  9.199  9.321  9.420  7.579  8.099  8.658  9.052  9.416  8.438 -0.151 -0.452 -0.245 -0.802 -0.785 -0.798 -0.524 -0.468 4.023E+05
110000. 8.0  0.804  1.091 -7.223  6.615  7.965  8.315  8.471  8.670  9.091  9.214  9.313  7.460  7.986  8.547  8.943  9.308  8.327 -0.153 -0.459 -0.251 -0.804 -0.788 -0.806 -0.530 -0.471 3.080E+05
120000. 8.0  0.824  0.686 -7.522  6.501  7.855  8.208  8.365  8.566  8.988  9.111  9.211  7.347  7.877  8.441  8.838  9.203  8.221 -0.154 -0.465 -0.255 -0.806 -0.790 -0.813 -0.536 -0.474 2.342E+05
130000. 8.0  0.843  0.314 -7.795  6.395  7.752  8.109  8.267  8.468  8.892  9.015  9.115  7.241  7.776  8.342  8.740  9.106  8.121 -0.155 -0.471 -0.259 -0.808 -0.792 -0.819 -0.541 -0.477 1.912E+05
140000. 8.0  0.862 -0.032 -8.047  6.296  7.656  8.015  8.173  8.376  8.801  8.925  9.025  7.142  7.680  8.249  8.648  9.014  8.028 -0.156 -0.475 -0.263 -0.809 -0.794 -0.824 -0.546 -0.479 1.778E+05
  1500. 8.5  0.908 20.862  1.488 23.527 21.496 19.374 19.379 21.057 20.906 20.908 22.394 24.500 20.363 19.255 21.367 21.003 19.286  1.527  4.760  3.338 -2.479 -0.045  5.469  4.265  2.498 1.210E+10
  1750. 8.5  0.908 20.192  1.151 23.064 21.145 19.041 18.822 20.021 20.014 20.123 21.254 24.025 20.060 18.727 20.347 20.108 18.989  1.493  4.581  3.233 -1.656  0.550  5.254  4.090  2.401 1.199E+10
  2000. 8.5  0.908 19.612  0.871 22.636 20.825 18.742 18.353 19.120 19.211 19.411 20.263 23.583 19.769 18.304 19.469 19.313 18.706  1.474  4.403  3.152 -0.974  1.015  5.067  3.921  2.335 1.187E+10
  2250. 8.5  0.908 19.101  0.614 22.226 20.525 18.487 17.958 18.353 18.506 18.774 19.420 23.160 19.503 17.967 18.721 18.629 18.461  1.439  4.222  3.053 -0.410  1.371  4.864  3.750  2.254 1.172E+10
  2500. 8.5  0.908 18.643  0.380 21.831 20.239 18.263 17.620 17.690 17.886 18.217 18.716 22.753 19.254 17.698 18.083 18.024 18.241  1.392  4.044  2.943  0.064  1.619  4.655  3.582  2.164 1.156E+10
  2750. 8.5  0.908 18.229  0.174 21.445 19.959 18.056 17.327 17.126 17.323 17.685 18.060 22.357 19.013 17.475 17.552 17.498 18.036  1.340  3.870  2.828  0.447  1.756  4.445  3.419  2.068 1.139E+10
  3000. 8.5  0.908 17.851 -0.003 21.056 19.677 17.854 17.070 16.650 16.804 17.191 17.483 21.957 18.771 17.280 17.119 17.040 17.835  1.281  3.697  2.706  0.740  1.799  4.230  3.256  1.967 1.123E+10
  3250. 8.5  0.908 17.503 -0.147 20.653 19.384 17.651 16.843 16.274 16.315 16.694 16.920 21.544 18.521 17.096 16.780 16.657 17.630  1.216  3.519  2.574  0.925  1.767  4.006  3.089  1.857 1.106E+10
  3500. 8.5  0.908 17.182 -0.257 20.226 19.074 17.438 16.637 15.988 15.857 16.195 16.370 21.108 18.258 16.914 16.520 16.352 17.417  1.145  3.332  2.432  1.002  1.686  3.768  2.913  1.738 1.088E+10
  3750. 8.5  0.908 16.882 -0.332 19.771 18.742 17.214 16.442 15.769 15.442 15.701 15.830 20.643 17.976 16.724 16.310 16.115 17.192  1.068  3.133  2.279  0.997  1.572  3.514  2.727  1.610 1.068E+10
  4000. 8.5  0.909 16.601 -0.373 19.284 18.388 16.974 16.245 15.581 15.094 15.235 15.312 20.147 17.675 16.522 16.121 15.920 16.952  0.986  2.923  2.115  0.943  1.441  3.245  2.530  1.472 1.040E+10
  4250. 8.5  0.909 16.338 -0.376 18.751 18.001 16.714 16.036 15.401 14.827 14.823 14.851 19.604 17.348 16.304 15.933 15.744 16.692  0.898  2.691  1.935  0.861  1.295  2.950  2.312  1.322 1.004E+10
  4500. 8.5  0.909 16.089 -0.347 18.185 17.593 16.437 15.814 15.216 14.629 14.481 14.481 19.029 17.000 16.069 15.737 15.570 16.416  0.810  2.442  1.747  0.767  1.145  2.638  2.078  1.166 9.676E+09
  4750. 8.5  0.909 15.854 -0.301 17.616 17.184 16.155 15.586 15.029 14.470 14.220 14.180 18.452 16.650 15.828 15.537 15.397 16.135  0.726  2.192  1.564  0.670  1.001  2.332  1.844  1.016 9.230E+09
  5000. 8.5  0.910 15.631 -0.242 17.062 16.783 15.873 15.356 14.842 14.326 14.032 13.957 17.891 16.304 15.586 15.336 15.224 15.854  0.649  1.952  1.395  0.576  0.866  2.041  1.620  0.877 8.708E+09
  5250. 8.5  0.910 15.418 -0.188 16.542 16.410 15.607 15.137 14.663 14.194 13.895 13.810 17.365 15.979 15.356 15.144 15.059 15.589  0.583  1.725  1.245  0.488  0.745  1.773  1.410  0.756 8.025E+09
  5500. 8.5  0.911 15.215 -0.145 16.065 16.070 15.360 14.933 14.496 14.073 13.783 13.704 16.884 15.681 15.142 14.965 14.906 15.344  0.525  1.515  1.113  0.407  0.637  1.532  1.219  0.650 7.072E+09
  6000. 8.5  0.913 14.835 -0.099 15.229 15.488 14.934 14.581 14.207 13.861 13.604 13.545 16.044 15.169 14.774 14.656 14.639 14.920  0.430  1.133  0.898  0.271  0.457  1.111  0.880  0.477 5.244E+09
  6500. 8.5  0.914 14.486 -0.102 14.576 15.028 14.588 14.293 13.971 13.688 13.459 13.423 15.393 14.758 14.475 14.403 14.422 14.575  0.359  0.852  0.747  0.159  0.316  0.811  0.643  0.352 4.428E+09
  7000. 8.5  0.915 14.163 -0.130 14.085 14.654 14.293 14.046 13.769 13.540 13.339 13.322 14.905 14.416 14.218 14.187 14.235 14.282  0.305  0.687  0.646  0.067  0.203  0.624  0.503  0.263 3.793E+09
  7500. 8.5  0.916 13.863 -0.168 13.699 14.337 14.031 13.824 13.584 13.408 13.235 13.234 14.522 14.120 13.987 13.990 14.065 14.021  0.263  0.592  0.579 -0.011  0.111  0.507  0.423  0.199 3.261E+09
  8000. 8.5  0.916 13.582 -0.210 13.381 14.058 13.792 13.618 13.413 13.287 13.143 13.153 14.206 13.856 13.775 13.807 13.907 13.782  0.229  0.537  0.534 -0.079  0.035  0.433  0.379  0.153 2.791E+09
  8500. 8.5  0.917 13.318 -0.252 13.109 13.809 13.570 13.426 13.252 13.175 13.058 13.077 13.936 13.615 13.577 13.636 13.758 13.560  0.200  0.509  0.505 -0.141 -0.031  0.389  0.359  0.118 2.377E+09
  9000. 8.5  0.918 13.068 -0.293 12.871 13.581 13.362 13.246 13.101 13.070 12.978 13.004 13.699 13.394 13.391 13.475 13.620 13.352  0.176  0.498  0.487 -0.199 -0.090  0.363  0.354  0.093 2.018E+09
  9500. 8.5  0.919 12.833 -0.332 12.655 13.371 13.165 13.076 12.959 12.971 12.902 12.934 13.486 13.188 13.217 13.323 13.490 13.156  0.155  0.496  0.477 -0.254 -0.144  0.350  0.357  0.076 1.706E+09
 10000. 8.5  0.919 12.609 -0.372 12.458 13.177 12.981 12.918 12.828 12.879 12.830 12.867 13.290 12.996 13.054 13.182 13.370 12.971  0.138  0.498  0.473 -0.308 -0.194  0.342  0.362  0.064 1.435E+09
 10500. 8.5  0.920 12.396 -0.422 12.284 13.007 12.819 12.779 12.713 12.798 12.767 12.808 13.117 12.828 12.911 13.059 13.266 12.808  0.122  0.498  0.469 -0.356 -0.238  0.334  0.364  0.055 1.205E+09
 11000. 8.5  0.921 12.193 -0.475 12.119 12.847 12.669 12.651 12.609 12.723 12.707 12.752 12.953 12.671 12.780 12.946 13.171 12.658  0.108  0.495  0.464 -0.403 -0.279  0.323  0.364  0.045 1.037E+09
 11500. 8.5  0.922 12.000 -0.544 11.973 12.711 12.543 12.545 12.522 12.660 12.656 12.704 12.808 12.538 12.670 12.853 13.093 12.532  0.094  0.486  0.455 -0.443 -0.316  0.306  0.355  0.035 9.044E+08
 12000. 8.5  0.922 11.814 -0.623 11.843 12.593 12.437 12.455 12.449 12.606 12.611 12.662 12.679 12.424 12.577 12.774 13.026 12.426  0.082  0.472  0.444 -0.477 -0.349  0.285  0.343  0.024 8.015E+08
 12500. 8.5  0.923 11.636 -0.710 11.728 12.490 12.346 12.378 12.387 12.560 12.572 12.625 12.565 12.325 12.497 12.708 12.969 12.335  0.069  0.459  0.433 -0.506 -0.379  0.264  0.331  0.012 7.237E+08
 13000. 8.5  0.924 11.465 -0.806 11.633 12.404 12.271 12.315 12.337 12.522 12.540 12.595 12.470 12.242 12.432 12.654 12.923 12.259  0.058  0.449  0.423 -0.532 -0.406  0.246  0.321  0.002 6.551E+08
 13500. 8.5  0.924 11.300 -0.915 11.562 12.339 12.215 12.269 12.300 12.494 12.516 12.572 12.400 12.180 12.384 12.615 12.889 12.204  0.048  0.443  0.415 -0.552 -0.427  0.232  0.314 -0.007 5.927E+08
 14000. 8.5  0.925 11.141 -1.023 11.496 12.279 12.165 12.227 12.267 12.467 12.493 12.550 12.334 12.123 12.340 12.580 12.858 12.154  0.038  0.435  0.405 -0.569 -0.447  0.218  0.307 -0.016 5.365E+08
 14500. 8.5  0.926 10.988 -1.122 11.423 12.214 12.111 12.182 12.231 12.438 12.468 12.525 12.262 12.061 12.293 12.541 12.824 12.100  0.027  0.426  0.393 -0.587 -0.468  0.200  0.298 -0.028 4.871E+08
 15000. 8.5  0.926 10.840 -1.214 11.343 12.144 12.054 12.133 12.191 12.406 12.440 12.499 12.182 11.996 12.242 12.499 12.786 12.045  0.017  0.410  0.377 -0.603 -0.489  0.178  0.284 -0.044 4.439E+08
 15500. 8.5  0.927 10.697 -1.301 11.259 12.074 11.998 12.083 12.149 12.373 12.410 12.471 12.098 11.931 12.191 12.454 12.747 11.990  0.007  0.390  0.357 -0.616 -0.507  0.150  0.266 -0.061 4.060E+08
 16000. 8.5  0.927 10.558 -1.386 11.174 12.005 11.945 12.034 12.106 12.339 12.380 12.442 12.014 11.867 12.140 12.410 12.706 11.937 -0.002  0.365  0.336 -0.627 -0.523  0.119  0.244 -0.079 3.723E+08
 16500. 8.5  0.928 10.424 -1.469 11.090 11.938 11.893 11.986 12.064 12.304 12.350 12.413 11.930 11.806 12.091 12.366 12.666 11.886 -0.010  0.339  0.315 -0.636 -0.537  0.087  0.220 -0.097 3.419E+08
 17000. 8.5  0.929 10.294 -1.549 11.007 11.873 11.843 11.939 12.022 12.270 12.319 12.384 11.847 11.747 12.043 12.323 12.626 11.837 -0.017  0.311  0.294 -0.644 -0.549  0.055  0.195 -0.113 3.145E+08
 20000. 8.5  0.932  9.584 -1.984 10.557 11.526 11.568 11.678 11.787 12.074 12.139 12.214 11.397 11.428 11.776 12.082 12.399 11.565 -0.048  0.157  0.189 -0.680 -0.605 -0.120  0.053 -0.188 1.966E+08
 25000. 8.5  0.938  8.608 -2.563  9.943 11.042 11.171 11.300 11.441 11.778 11.865 11.955 10.785 10.979 11.392 11.727 12.062 11.173 -0.083 -0.036  0.065 -0.727 -0.670 -0.336 -0.128 -0.271 9.664E+07
 30000. 8.5  0.944  7.810 -2.987  9.401 10.596 10.796 10.938 11.100 11.478 11.582 11.684 10.244 10.562 11.024 11.380 11.730 10.801 -0.107 -0.187 -0.037 -0.759 -0.714 -0.502 -0.270 -0.334 4.695E+07
 35000. 8.5  0.954  7.128 -3.370  9.000 10.248 10.499 10.643 10.817 11.212 11.324 11.427  9.844 10.233 10.727 11.095 11.449 10.506 -0.123 -0.278 -0.109 -0.771 -0.737 -0.606 -0.359 -0.377 2.478E+07
 40000. 8.5  0.960  6.541 -3.771  8.764 10.038 10.312 10.460 10.639 11.041 11.156 11.259  9.608 10.033 10.541 10.916 11.272 10.321 -0.129 -0.324 -0.143 -0.778 -0.748 -0.656 -0.403 -0.398 9.758E+06
 45000. 8.5  0.966  6.023 -4.152  8.596  9.887 10.176 10.325 10.508 10.915 11.031 11.133  9.440  9.887 10.405 10.784 11.142 10.185 -0.133 -0.352 -0.165 -0.783 -0.756 -0.687 -0.430 -0.412 4.045E+06
 50000. 8.5  0.972  5.559 -4.506  8.464  9.766 10.065 10.215 10.402 10.811 10.929 11.031  9.308  9.770 10.295 10.677 11.036 10.075 -0.137 -0.372 -0.180 -0.787 -0.761 -0.709 -0.449 -0.421 2.016E+06
 55000. 8.5  0.977  5.140 -4.832  8.353  9.663  9.971 10.123 10.311 10.723 10.842 10.943  9.197  9.670 10.202 10.586 10.946  9.982 -0.139 -0.388 -0.192 -0.790 -0.765 -0.726 -0.463 -0.429 1.256E+06
 60000. 8.5  0.982  4.756 -5.132  8.256  9.573  9.888 10.040 10.230 10.644 10.764 10.865  9.100  9.583 10.119 10.505 10.866  9.899 -0.141 -0.400 -0.202 -0.792 -0.769 -0.740 -0.475 -0.435 9.136E+05
 65000. 8.5  0.987  4.403 -5.411  8.169  9.493  9.813  9.966 10.158 10.573 10.694 10.795  9.014  9.504 10.044 10.432 10.794  9.824 -0.143 -0.410 -0.210 -0.794 -0.772 -0.751 -0.484 -0.441 7.222E+05
 70000. 8.5  0.992  4.076 -5.669  8.091  9.419  9.745  9.898 10.091 10.508 10.629 10.730  8.936  9.432  9.976 10.365 10.727  9.756 -0.145 -0.419 -0.217 -0.796 -0.775 -0.760 -0.493 -0.445 6.018E+05
 75000. 8.5  0.997  3.770 -5.910  8.018  9.351  9.680  9.834 10.029 10.447 10.568 10.670  8.863  9.365  9.912 10.302 10.665  9.692 -0.146 -0.426 -0.223 -0.798 -0.777 -0.769 -0.500 -0.449 5.129E+05
 80000. 8.5  1.002  3.485 -6.136  7.951  9.287  9.621  9.775  9.970 10.390 10.512 10.613  8.796  9.303  9.853 10.244 10.607  9.632 -0.147 -0.433 -0.228 -0.799 -0.779 -0.776 -0.506 -0.453 4.510E+05
 85000. 8.5  1.006  3.217 -6.347  7.888  9.228  9.564  9.719  9.916 10.336 10.458 10.560  8.733  9.245  9.797 10.189 10.553  9.576 -0.148 -0.438 -0.232 -0.801 -0.781 -0.782 -0.511 -0.456 4.114E+05
 90000. 8.5  1.011  2.964 -6.547  7.829  9.171  9.511  9.667  9.864 10.285 10.408 10.509  8.674  9.189  9.744 10.137 10.501  9.523 -0.149 -0.443 -0.236 -0.802 -0.783 -0.788 -0.516 -0.459 3.859E+05
100000. 8.5  1.019  2.498 -6.914  7.720  9.067  9.411  9.568  9.767 10.189 10.313 10.414  8.565  9.087  9.645 10.039 10.404  9.424 -0.151 -0.452 -0.243 -0.804 -0.786 -0.798 -0.524 -0.464 3.412E+05
110000. 8.5  1.025  2.077 -7.245  7.622  8.973  9.322  9.480  9.680 10.103 10.227 10.329  8.467  8.995  9.556  9.952 10.317  9.335 -0.152 -0.460 -0.249 -0.806 -0.789 -0.806 -0.531 -0.468 2.569E+05
120000. 8.5  1.028  1.696 -7.546  7.535  8.889  9.242  9.400  9.601 10.026 10.151 10.252  8.380  8.912  9.476  9.873 10.240  9.255 -0.154 -0.466 -0.254 -0.808 -0.791 -0.813 -0.537 -0.471 1.383E+05
130000. 8.5  1.028  1.348 -7.822  7.457  8.815  9.170  9.329  9.532  9.958 10.083 10.184  8.302  8.838  9.405  9.803 10.170  9.183 -0.155 -0.471 -0.259 -0.810 -0.793 -0.819 -0.542 -0.474 5.045E+04
140000. 8.5  1.025  1.030 -8.077  7.387  8.748  9.106  9.266  9.469  9.896 10.022 10.123  8.233  8.772  9.341  9.740 10.108  9.119 -0.156 -0.476 -0.262 -0.811 -0.795 -0.824 -0.546 -0.477 1.317E+04
  1500. 9.0  1.194 21.814  1.500 24.120 22.288 20.314 20.286 21.731 21.527 21.515 22.799 25.064 21.236 20.174 22.085 21.715 20.241  1.387  4.443  3.111 -2.173  0.010  5.029  3.957  2.304 7.334E+09
  1750. 9.0  1.194 21.145  1.004 23.669 21.975 20.141 19.829 20.807 20.724 20.828 21.829 24.616 21.056 19.752 21.152 20.913 20.106  1.284  4.224  2.798 -1.306  0.638  4.705  3.725  2.003 7.314E+09
  2000. 9.0  1.194 20.565  0.991 23.287 21.573 19.574 19.237 19.978 20.020 20.198 20.975 24.223 20.555 19.189 20.341 20.183 19.532  1.414  4.244  3.034 -1.002  0.883  4.864  3.770  2.237 7.290E+09
  2250. 9.0  1.194 20.054  0.720 22.922 21.299 19.333 18.857 19.264 19.378 19.634 20.240 23.848 20.309 18.860 19.641 19.541 19.303  1.386  4.094  2.953 -0.479  1.226  4.697  3.629  2.171 7.269E+09
  2500. 9.0  1.194 19.596  0.483 22.565 21.035 19.113 18.523 18.642 18.802 19.105 19.574 23.482 20.074 18.586 19.036 18.974 19.088  1.354  3.943  2.869 -0.042  1.481  4.527  3.487  2.102 7.247E+09
  2750. 9.0  1.194 19.182  0.277 22.209 20.772 18.905 18.225 18.092 18.277 18.627 18.995 23.115 19.842 18.353 18.510 18.464 18.884  1.314  3.791  2.774  0.325  1.647  4.348  3.344  2.024 7.224E+09
  3000. 9.0  1.194 18.804  0.098 21.849 20.506 18.707 17.963 17.619 17.782 18.156 18.445 22.746 19.612 18.150 18.070 18.014 18.686  1.266  3.637  2.671  0.619  1.723  4.162  3.201  1.939 7.197E+09
  3250. 9.0  1.194 18.457 -0.051 21.474 20.230 18.508 17.729 17.226 17.314 17.692 17.919 22.362 19.373 17.963 17.712 17.623 18.487  1.210  3.478  2.556  0.827  1.723  3.963  3.051  1.843 7.165E+09
  3500. 9.0  1.194 18.135 -0.168 21.075 19.937 18.302 17.520 16.919 16.871 17.223 17.406 21.955 19.122 17.782 17.433 17.301 18.281  1.146  3.309  2.428  0.935  1.664  3.749  2.892  1.736 7.126E+09
  3750. 9.0  1.194 17.835 -0.252 20.653 19.625 18.088 17.326 16.683 16.459 16.748 16.887 21.524 18.855 17.599 17.212 17.046 18.065  1.076  3.133  2.290  0.957  1.568  3.521  2.727  1.620 7.073E+09
  4000. 9.0  1.194 17.555 -0.304 20.191 19.287 17.859 17.135 16.491 16.098 16.297 16.399 21.054 18.568 17.407 17.023 16.843 17.836  0.998  2.935  2.134  0.918  1.444  3.268  2.542  1.490 6.998E+09
  4250. 9.0  1.194 17.292 -0.321 19.690 18.921 17.613 16.937 16.314 15.808 15.880 15.936 20.544 18.257 17.201 16.841 16.666 17.590  0.913  2.722  1.965  0.847  1.305  2.993  2.341  1.347 6.905E+09
  4500. 9.0  1.194 17.043 -0.307 19.153 18.531 17.350 16.727 16.138 15.590 15.521 15.549 19.998 17.926 16.980 16.654 16.497 17.328  0.826  2.488  1.784  0.759  1.158  2.698  2.122  1.197 6.781E+09
  4750. 9.0  1.194 16.808 -0.273 18.604 18.136 17.081 16.511 15.960 15.422 15.232 15.222 19.442 17.589 16.752 16.464 16.331 17.060  0.742  2.247  1.604  0.666  1.015  2.398  1.896  1.048 6.649E+09
  5000. 9.0  1.194 16.586 -0.225 18.061 17.745 16.810 16.291 15.780 15.278 15.021 14.968 18.891 17.253 16.520 16.272 16.165 16.791  0.664  2.009  1.433  0.574  0.879  2.108  1.674  0.908 6.494E+09
  5250. 9.0  1.194 16.374 -0.176 17.550 17.377 16.550 16.077 15.605 15.146 14.867 14.793 18.375 16.934 16.296 16.086 16.004 16.532  0.596  1.787  1.281  0.488  0.758  1.843  1.468  0.784 6.310E+09
  5500. 9.0  1.194 16.171 -0.134 17.075 17.036 16.305 15.876 15.440 15.024 14.749 14.673 17.895 16.636 16.084 15.909 15.852 16.288  0.536  1.580  1.146  0.408  0.649  1.601  1.278  0.675 6.048E+09
  6000. 9.0  1.195 15.793 -0.083 16.246 16.448 15.876 15.521 15.149 14.811 14.562 14.504 17.061 16.119 15.714 15.597 15.583 15.861  0.439  1.215  0.926  0.270  0.465  1.188  0.950  0.498 5.102E+09
  6500. 9.0  1.195 15.445 -0.080 15.566 15.976 15.525 15.230 14.909 14.635 14.416 14.378 16.381 15.700 15.412 15.341 15.362 15.512  0.364  0.909  0.762  0.158  0.321  0.859  0.686  0.366 4.404E+09
  7000. 9.0  1.196 15.123 -0.110 15.044 15.597 15.233 14.987 14.709 14.489 14.294 14.276 15.862 15.358 15.159 15.127 15.177 15.221  0.308  0.707  0.650  0.066  0.206  0.639  0.515  0.271 4.003E+09
  7500. 9.0  1.196 14.823 -0.154 14.640 15.282 14.977 14.771 14.531 14.360 14.191 14.189 15.461 15.067 14.936 14.936 15.013 14.967  0.264  0.585  0.575 -0.012  0.113  0.499  0.413  0.203 3.677E+09
  8000. 9.0  1.196 14.543 -0.203 14.312 15.008 14.746 14.573 14.366 14.243 14.100 14.110 15.136 14.809 14.731 14.760 14.860 14.736  0.230  0.513  0.526 -0.079  0.036  0.409  0.354  0.155 3.386E+09
  8500. 9.0  1.196 14.279 -0.252 14.036 14.765 14.531 14.389 14.211 14.134 14.016 14.036 14.861 14.577 14.540 14.595 14.717 14.522  0.202  0.471  0.495 -0.138 -0.028  0.352  0.320  0.121 3.113E+09
  9000. 9.0  1.196 14.031 -0.300 13.794 14.545 14.331 14.215 14.065 14.033 13.937 13.965 14.621 14.363 14.362 14.440 14.582 14.321  0.180  0.448  0.477 -0.193 -0.085  0.316  0.303  0.097 2.864E+09
  9500. 9.0  1.197 13.796 -0.346 13.579 14.343 14.141 14.051 13.926 13.937 13.862 13.896 14.407 14.165 14.193 14.292 14.455 14.132  0.160  0.436  0.467 -0.245 -0.134  0.294  0.296  0.082 2.643E+09
 10000. 9.0  1.197 13.573 -0.390 13.381 14.155 13.963 13.896 13.796 13.847 13.790 13.829 14.211 13.980 14.034 14.153 14.336 13.952  0.144  0.430  0.463 -0.295 -0.179  0.280  0.294  0.073 2.444E+09
 10500. 9.0  1.197 13.361 -0.447 13.211 13.994 13.808 13.762 13.684 13.768 13.727 13.770 14.041 13.821 13.897 14.033 14.233 13.797  0.132  0.425  0.462 -0.339 -0.217  0.269  0.290  0.067 2.260E+09
 11000. 9.0  1.197 13.159 -0.492 13.038 13.830 13.651 13.626 13.571 13.689 13.662 13.709 13.870 13.659 13.758 13.912 14.131 13.639  0.120  0.419  0.460 -0.384 -0.256  0.258  0.286  0.062 2.089E+09
 11500. 9.0  1.197 12.965 -0.552 12.885 13.688 13.517 13.512 13.476 13.620 13.606 13.655 13.718 13.520 13.640 13.810 14.044 13.504  0.109  0.408  0.455 -0.424 -0.290  0.242  0.276  0.056 1.933E+09
 12000. 9.0  1.198 12.780 -0.624 12.749 13.566 13.404 13.415 13.397 13.561 13.556 13.608 13.582 13.401 13.540 13.725 13.971 13.391  0.099  0.393  0.446 -0.458 -0.320  0.221  0.262  0.048 1.793E+09
 12500. 9.0  1.198 12.603 -0.704 12.625 13.457 13.307 13.331 13.327 13.510 13.512 13.567 13.459 13.297 13.454 13.651 13.907 13.294  0.089  0.375  0.434 -0.487 -0.347  0.197  0.245  0.038 1.665E+09
 13000. 9.0  1.198 12.432 -0.789 12.513 13.360 13.221 13.258 13.267 13.464 13.473 13.530 13.348 13.204 13.377 13.587 13.851 13.208  0.079  0.357  0.422 -0.513 -0.372  0.173  0.228  0.028 1.546E+09
 13500. 9.0  1.198 12.268 -0.878 12.415 13.275 13.146 13.194 13.215 13.424 13.439 13.498 13.250 13.122 13.312 13.531 13.803 13.133  0.069  0.342  0.411 -0.537 -0.396  0.152  0.213  0.018 1.434E+09
 14000. 9.0  1.199 12.110 -0.975 12.335 13.204 13.085 13.142 13.173 13.392 13.411 13.472 13.171 13.054 13.258 13.487 13.765 13.072  0.061  0.330  0.402 -0.557 -0.416  0.136  0.202  0.010 1.330E+09
 14500. 9.0  1.199 11.957 -1.080 12.273 13.149 13.038 13.102 13.142 13.367 13.390 13.452 13.109 13.002 13.216 13.453 13.735 13.025  0.053  0.322  0.394 -0.572 -0.433  0.122  0.194  0.004 1.232E+09
 15000. 9.0  1.199 11.810 -1.184 12.214 13.097 12.993 13.065 13.112 13.343 13.369 13.432 13.051 12.953 13.178 13.421 13.707 12.981  0.046  0.313  0.386 -0.587 -0.448  0.109  0.186 -0.003 1.142E+09
 15500. 9.0  1.199 11.667 -1.279 12.151 13.041 12.946 13.025 13.079 13.317 13.347 13.411 12.987 12.899 13.136 13.387 13.677 12.934  0.038  0.304  0.377 -0.602 -0.466  0.094  0.177 -0.012 1.059E+09
 16000. 9.0  1.199 11.529 -1.367 12.081 12.982 12.897 12.982 13.045 13.290 13.323 13.389 12.919 12.843 13.092 13.350 13.644 12.884  0.029  0.292  0.365 -0.617 -0.483  0.076  0.166 -0.023 9.812E+08
 16500. 9.0  1.200 11.395 -1.451 12.009 12.920 12.846 12.938 13.008 13.260 13.297 13.365 12.847 12.785 13.046 13.311 13.610 12.835  0.020  0.276  0.351 -0.630 -0.501  0.054  0.153 -0.036 9.086E+08
 17000. 9.0  1.200 11.266 -1.531 11.934 12.858 12.797 12.893 12.970 13.230 13.271 13.340 12.773 12.727 13.000 13.272 13.574 12.786  0.011  0.258  0.334 -0.641 -0.516  0.030  0.137 -0.051 8.403E+08
 20000. 9.0  1.201 10.558 -1.967 11.501 12.510 12.526 12.639 12.744 13.042 13.101 13.179 12.341 12.409 12.739 13.038 13.357 12.520 -0.028  0.125  0.227 -0.683 -0.583 -0.132  0.016 -0.135 5.130E+08
 25000. 9.0  1.204  9.587 -2.547 10.896 12.024 12.134 12.266 12.404 12.751 12.833 12.925 11.737 11.960 12.360 12.689 13.027 12.133 -0.068 -0.059  0.091 -0.730 -0.655 -0.344 -0.154 -0.230 2.528E+08
 30000. 9.0  1.206  8.794 -2.972 10.362 11.577 11.765 11.909 12.069 12.453 12.553 12.657 11.205 11.543 11.996 12.349 12.699 11.768 -0.097 -0.203 -0.023 -0.761 -0.703 -0.508 -0.289 -0.306 1.489E+08
 35000. 9.0  1.205  8.125 -3.364  9.987 11.246 11.488 11.635 11.807 12.206 12.316 12.420 10.830 11.231 11.719 12.085 12.440 11.495 -0.118 -0.285 -0.100 -0.773 -0.731 -0.607 -0.368 -0.357 1.116E+08
 40000. 9.0  1.208  7.543 -3.768  9.761 11.043 11.311 11.459 11.638 12.043 12.157 12.260 10.604 11.037 11.542 11.914 12.271 11.318 -0.125 -0.329 -0.136 -0.780 -0.743 -0.657 -0.410 -0.382 7.077E+07
 45000. 9.0  1.210  7.029 -4.152  9.600 10.897 11.181 11.331 11.514 11.923 12.039 12.142 10.444 10.897 11.413 11.789 12.148 11.190 -0.130 -0.356 -0.159 -0.785 -0.751 -0.687 -0.435 -0.398 4.614E+07
 50000. 9.0  1.212  6.570 -4.507  9.474 10.781 11.077 11.228 11.414 11.826 11.944 12.047 10.318 10.786 11.309 11.689 12.049 11.086 -0.134 -0.376 -0.176 -0.788 -0.757 -0.709 -0.453 -0.409 2.818E+07
 55000. 9.0  1.214  6.154 -4.835  9.369 10.684 10.988 11.141 11.328 11.743 11.862 11.965 10.213 10.691 11.220 11.603 11.964 10.998 -0.136 -0.390 -0.188 -0.791 -0.762 -0.726 -0.467 -0.418 1.438E+07
 60000. 9.0  1.217  5.774 -5.136  9.277 10.598 10.910 11.063 11.253 11.669 11.789 11.892 10.121 10.608 11.142 11.527 11.889 10.920 -0.139 -0.402 -0.198 -0.794 -0.766 -0.739 -0.479 -0.426 5.487E+06
 65000. 9.0  1.220  5.423 -5.416  9.194 10.521 10.839 10.993 11.184 11.602 11.723 11.826 10.039 10.533 11.072 11.458 11.821 10.849 -0.141 -0.412 -0.207 -0.796 -0.770 -0.751 -0.488 -0.432 1.821E+06
 70000. 9.0  1.222  5.099 -5.675  9.120 10.452 10.775 10.929 11.122 11.541 11.663 11.766  9.965 10.465 11.007 11.396 11.759 10.785 -0.143 -0.421 -0.214 -0.798 -0.773 -0.760 -0.496 -0.437 9.915E+05
 75000. 9.0  1.224  4.798 -5.918  9.053 10.388 10.716 10.871 11.065 11.485 11.608 11.711  9.898 10.403 10.949 11.338 11.702 10.726 -0.144 -0.428 -0.220 -0.799 -0.775 -0.768 -0.502 -0.442 7.257E+05
 80000. 9.0  1.226  4.516 -6.144  8.990 10.329 10.660 10.816 11.011 11.433 11.556 11.659  9.835 10.345 10.894 11.284 11.649 10.671 -0.146 -0.434 -0.226 -0.801 -0.778 -0.776 -0.508 -0.446 5.943E+05
 85000. 9.0  1.228  4.251 -6.357  8.932 10.273 10.608 10.764 10.961 11.383 11.507 11.610  9.777 10.291 10.842 11.234 11.598 10.619 -0.147 -0.440 -0.231 -0.802 -0.780 -0.782 -0.514 -0.450 4.901E+05
 90000. 9.0  1.229  4.002 -6.558  8.877 10.221 10.560 10.716 10.914 11.337 11.461 11.564  9.722 10.240 10.793 11.186 11.551 10.571 -0.148 -0.445 -0.235 -0.804 -0.782 -0.788 -0.518 -0.453 3.598E+05
100000. 9.0  1.227  3.546 -6.927  8.781 10.130 10.473 10.631 10.830 11.255 11.380 11.483  9.626 10.150 10.708 11.102 11.468 10.485 -0.150 -0.453 -0.242 -0.806 -0.785 -0.798 -0.526 -0.459 8.610E+04
110000. 9.0  1.215  3.143 -7.261  8.703 10.056 10.404 10.562 10.763 11.189 11.315 11.418  9.548 10.078 10.639 11.035 11.401 10.416 -0.152 -0.461 -0.248 -0.808 -0.788 -0.806 -0.533 -0.464 4.321E+03
120000. 9.0  1.192  2.785 -7.565  8.642  9.998 10.350 10.509 10.711 11.139 11.265 11.368  9.487 10.021 10.585 10.983 11.350 10.362 -0.153 -0.467 -0.253 -0.810 -0.791 -0.813 -0.539 -0.468 5.699E+01
130000. 9.0  1.163  2.465 -7.843  8.593  9.952 10.307 10.467 10.670 11.099 11.226 11.329  9.439  9.976 10.543 10.942 11.309 10.320 -0.154 -0.472 -0.258 -0.812 -0.793 -0.819 -0.543 -0.471 7.305E-01
140000. 9.0  1.133  2.171 -8.100  8.551  9.912 10.270 10.431 10.635 11.065 11.192 11.296  9.396  9.937 10.506 10.906 11.274 10.283 -0.155 -0.477 -0.262 -0.813 -0.795 -0.825 -0.548 -0.475 5.296E-02
  1500. 9.5  1.365 22.919  2.506 24.057 22.162 20.414 20.517 22.573 22.282 22.274 23.363 25.047 21.241 20.370 22.925 22.592 20.353  1.205  4.653  2.772 -2.874 -0.899  5.014  4.106  1.972 3.500E+09
  1750. 9.5  1.365 22.250  1.744 24.359 22.452 20.505 20.459 21.686 21.578 21.651 22.514 25.311 21.416 20.363 22.047 21.826 20.440  1.348  4.511  3.101 -1.845  0.073  5.076  4.042  2.269 3.499E+09
  2000. 9.5  1.365 21.670  1.218 24.077 22.433 20.452 20.196 20.936 20.929 21.091 21.772 25.004 21.415 20.147 21.315 21.156 20.396  1.417  4.125  3.012 -1.088  0.735  4.765  3.664  2.231 3.489E+09
  2250. 9.5  1.365 21.158  0.861 23.747 22.208 20.297 19.874 20.278 20.351 20.581 21.122 24.664 21.245 19.875 20.670 20.561 20.260  1.355  3.956  2.873 -0.530  1.097  4.541  3.500  2.106 3.475E+09
  2500. 9.5  1.365 20.701  0.591 23.424 21.965 20.109 19.567 19.702 19.827 20.104 20.527 24.333 21.034 19.623 20.105 20.034 20.081  1.306  3.826  2.777 -0.110  1.348  4.374  3.377  2.026 3.463E+09
  2750. 9.5  1.365 20.287  0.379 23.097 21.719 19.908 19.275 19.185 19.339 19.664 20.002 23.998 20.814 19.389 19.602 19.555 19.883  1.274  3.695  2.699  0.230  1.526  4.223  3.254  1.961 3.454E+09
  3000. 9.5  1.365 19.909  0.189 22.764 21.470 19.720 19.019 18.725 18.876 19.234 19.505 23.658 20.596 19.191 19.167 19.121 19.697  1.228  3.560  2.604  0.520  1.622  4.056  3.128  1.883 3.449E+09
  3250. 9.5  1.365 19.561  0.050 22.417 21.209 19.511 18.768 18.327 18.435 18.804 19.022 23.303 20.364 18.983 18.797 18.734 19.489  1.194  3.420  2.520  0.724  1.657  3.896  2.998  1.814 3.444E+09
  3500. 9.5  1.365 19.239 -0.072 22.051 20.936 19.312 18.553 18.005 18.017 18.371 18.552 22.929 20.126 18.800 18.502 18.404 19.289  1.141  3.272  2.412  0.856  1.628  3.711  2.859  1.724 3.440E+09
  3750. 9.5  1.365 18.940 -0.164 21.656 20.641 19.104 18.357 17.753 17.620 17.932 18.081 22.526 19.872 18.620 18.268 18.135 19.081  1.078  3.111  2.287  0.903  1.551  3.505  2.708  1.620 3.438E+09
  4000. 9.5  1.365 18.660 -0.228 21.232 20.326 18.887 18.171 17.552 17.257 17.497 17.616 22.094 19.602 18.436 18.073 17.919 18.864  1.007  2.937  2.148  0.887  1.443  3.280  2.545  1.503 3.436E+09
  4250. 9.5  1.365 18.396 -0.258 20.765 19.982 18.655 17.982 17.375 16.949 17.088 17.168 21.619 19.309 18.242 17.895 17.738 18.631  0.928  2.743  1.991  0.828  1.314  3.027  2.363  1.371 3.435E+09
  4500. 9.5  1.365 18.148 -0.258 20.258 19.612 18.406 17.784 17.205 16.710 16.721 16.779 21.105 18.995 18.034 17.717 17.572 18.384  0.843  2.528  1.819  0.748  1.172  2.751  2.160  1.227 3.435E+09
  4750. 9.5  1.365 17.913 -0.238 19.734 19.233 18.151 17.579 17.035 16.529 16.410 16.430 20.573 18.673 17.819 17.537 17.411 18.129  0.760  2.299  1.644  0.661  1.031  2.463  1.946  1.082 3.410E+09
  5000. 9.5  1.365 17.690 -0.204 19.213 18.858 17.895 17.372 16.865 16.381 16.173 16.150 20.045 18.352 17.600 17.355 17.252 17.874  0.682  2.070  1.476  0.574  0.898  2.181  1.732  0.943 3.347E+09
  5250. 9.5  1.365 17.478 -0.161 18.707 18.493 17.640 17.165 16.696 16.248 15.998 15.940 19.534 18.037 17.382 17.174 17.096 17.621  0.611  1.852  1.320  0.488  0.773  1.915  1.528  0.815 3.277E+09
  5500. 9.5  1.365 17.276 -0.122 18.232 18.152 17.398 16.966 16.533 16.126 15.868 15.800 19.054 17.741 17.174 17.001 16.946 17.381  0.548  1.643  1.181  0.408  0.661  1.669  1.336  0.703 3.210E+09
  6000. 9.5  1.365 16.899 -0.069 17.405 17.559 16.968 16.610 16.241 15.910 15.671 15.615 18.221 17.219 16.803 16.688 16.676 16.953  0.448  1.286  0.955  0.270  0.475  1.258  1.012  0.521 3.036E+09
  6500. 9.5  1.365 16.551 -0.059 16.715 17.074 16.610 16.314 15.996 15.730 15.519 15.481 17.529 16.791 16.495 16.426 16.450 16.597  0.371  0.980  0.782  0.157  0.327  0.922  0.743  0.382 2.621E+09
  7000. 9.5  1.365 16.229 -0.086 16.161 16.685 16.315 16.069 15.793 15.581 15.395 15.376 16.978 16.443 16.242 16.209 16.262 16.303  0.312  0.745  0.657  0.064  0.209  0.670  0.543  0.280 2.450E+09
  7500. 9.5  1.365 15.929 -0.134 15.733 16.367 16.063 15.859 15.618 15.454 15.291 15.288 16.553 16.153 16.023 16.023 16.101 16.052  0.267  0.593  0.572 -0.013  0.114  0.504  0.416  0.207 2.319E+09
  8000. 9.5  1.366 15.649 -0.189 15.392 16.096 15.838 15.668 15.459 15.340 15.200 15.210 16.215 15.901 15.826 15.854 15.954 15.828  0.232  0.500  0.516 -0.080  0.037  0.395  0.338  0.157 2.187E+09
  8500. 9.5  1.366 15.385 -0.246 15.108 15.858 15.631 15.490 15.310 15.235 15.117 15.138 15.933 15.675 15.643 15.695 15.816 15.621  0.204  0.443  0.480 -0.138 -0.027  0.324  0.290  0.122 2.080E+09
  9000. 9.5  1.366 15.137 -0.301 14.864 15.644 15.438 15.323 15.169 15.137 15.040 15.069 15.690 15.469 15.471 15.545 15.686 15.428  0.182  0.407  0.460 -0.191 -0.082  0.277  0.262  0.098 1.994E+09
  9500. 9.5  1.366 14.902 -0.354 14.647 15.448 15.256 15.166 15.035 15.045 14.966 15.001 15.474 15.279 15.310 15.403 15.563 15.246  0.164  0.385  0.449 -0.240 -0.129  0.247  0.245  0.084 1.910E+09
 10000. 9.5  1.366 14.679 -0.404 14.449 15.267 15.084 15.015 14.908 14.957 14.895 14.936 15.278 15.101 15.156 15.267 15.446 15.073  0.150  0.371  0.444 -0.286 -0.170  0.226  0.234  0.076 1.825E+09
 10500. 9.5  1.366 14.468 -0.475 14.288 15.120 14.942 14.892 14.804 14.884 14.835 14.879 15.118 14.956 15.030 15.156 15.350 14.930  0.140  0.359  0.442 -0.325 -0.202  0.211  0.224  0.072 1.747E+09
 11000. 9.5  1.366 14.265 -0.516 14.111 14.955 14.782 14.753 14.686 14.802 14.766 14.815 14.941 14.793 14.887 15.030 15.241 14.769  0.130  0.350  0.442 -0.368 -0.237  0.198  0.216  0.071 1.685E+09
 11500. 9.5  1.366 14.072 -0.567 13.951 14.807 14.639 14.629 14.582 14.728 14.705 14.755 14.782 14.647 14.760 14.919 15.146 14.625  0.121  0.339  0.441 -0.408 -0.268  0.184  0.206  0.069 1.632E+09
 12000. 9.5  1.366 13.887 -0.631 13.808 14.679 14.518 14.523 14.494 14.664 14.650 14.703 14.640 14.522 14.651 14.825 15.065 14.504  0.114  0.324  0.435 -0.442 -0.296  0.166  0.191  0.064 1.579E+09
 12500. 9.5  1.366 13.710 -0.705 13.679 14.566 14.415 14.433 14.418 14.607 14.601 14.657 14.512 14.412 14.559 14.744 14.996 14.400  0.106  0.304  0.424 -0.471 -0.320  0.143  0.173  0.057 1.522E+09
 13000. 9.5  1.366 13.540 -0.784 13.561 14.464 14.324 14.354 14.352 14.557 14.558 14.616 14.394 14.315 14.477 14.674 14.934 14.308  0.098  0.284  0.412 -0.497 -0.343  0.119  0.153  0.048 1.463E+09
 13500. 9.5  1.366 13.376 -0.867 13.453 14.371 14.242 14.283 14.292 14.511 14.518 14.578 14.287 14.226 14.404 14.611 14.879 14.227  0.090  0.264  0.399 -0.519 -0.365  0.094  0.134  0.039 1.406E+09
 14000. 9.5  1.366 13.218 -0.951 13.355 14.287 14.169 14.219 14.240 14.470 14.482 14.545 14.189 14.146 14.338 14.555 14.830 14.154  0.082  0.245  0.386 -0.540 -0.385  0.071  0.117  0.029 1.356E+09
 14500. 9.5  1.366 13.065 -1.039 13.268 14.213 14.105 14.164 14.194 14.435 14.451 14.516 14.103 14.076 14.281 14.507 14.787 14.089  0.074  0.229  0.375 -0.559 -0.404  0.051  0.102  0.020 1.312E+09
 15000. 9.5  1.366 12.918 -1.133 13.196 14.151 14.051 14.118 14.156 14.405 14.426 14.492 14.032 14.016 14.233 14.467 14.752 14.035  0.068  0.217  0.366 -0.576 -0.421  0.035  0.090  0.014 1.271E+09
 15500. 9.5  1.366 12.776 -1.232 13.139 14.101 14.008 14.081 14.126 14.382 14.405 14.474 13.974 13.969 14.195 14.435 14.724 13.992  0.062  0.207  0.360 -0.590 -0.434  0.022  0.081  0.008 1.231E+09
 16000. 9.5  1.366 12.638 -1.331 13.086 14.056 13.968 14.047 14.099 14.360 14.387 14.456 13.922 13.926 14.160 14.406 14.699 13.953  0.057  0.198  0.353 -0.602 -0.447  0.010  0.072  0.003 1.191E+09
 16500. 9.5  1.367 12.504 -1.424 13.031 14.009 13.928 14.013 14.071 14.338 14.367 14.438 13.868 13.881 14.124 14.376 14.672 13.912  0.051  0.189  0.346 -0.615 -0.460 -0.003  0.064 -0.003 1.150E+09
 17000. 9.5  1.367 12.374 -1.510 12.972 13.958 13.884 13.975 14.041 14.314 14.346 14.418 13.809 13.832 14.085 14.344 14.644 13.869  0.044  0.178  0.338 -0.628 -0.475 -0.017  0.054 -0.010 1.110E+09
 20000. 9.5  1.367 11.668 -1.948 12.570 13.623 13.616 13.731 13.831 14.141 14.194 14.274 13.409 13.521 13.834 14.125 14.444 13.605  0.000  0.079  0.250 -0.684 -0.552 -0.148 -0.035 -0.083 9.368E+08
 25000. 9.5  1.368 10.698 -2.530 11.976 13.134 13.228 13.363 13.496 13.853 13.930 14.024 12.818 13.071 13.458 13.781 14.120 13.223 -0.048 -0.090  0.106 -0.732 -0.632 -0.353 -0.190 -0.190 6.892E+08
 30000. 9.5  1.369  9.906 -2.956 11.449 12.684 12.862 13.007 13.164 13.554 13.652 13.755 12.291 12.651 13.096 13.444 13.794 12.862 -0.082 -0.226 -0.016 -0.762 -0.686 -0.515 -0.315 -0.277 3.744E+08
 35000. 9.5  1.461  9.166 -3.356 11.017 12.285 12.522 12.671 12.840 13.242 13.351 13.455 11.860 12.272 12.756 13.118 13.473 12.526 -0.110 -0.295 -0.094 -0.774 -0.721 -0.609 -0.382 -0.336 5.502E+08
 40000. 9.5  1.461  8.586 -3.765 10.798 12.087 12.351 12.501 12.678 13.086 13.199 13.303 11.642 12.083 12.585 12.954 13.312 12.357 -0.119 -0.336 -0.132 -0.781 -0.735 -0.657 -0.420 -0.365 6.405E+08
 45000. 9.5  1.460  8.075 -4.151 10.643 11.945 12.226 12.377 12.558 12.970 13.086 13.190 11.487 11.947 12.459 12.834 13.193 12.233 -0.125 -0.362 -0.156 -0.786 -0.744 -0.687 -0.444 -0.384 5.451E+08
 50000. 9.5  1.460  7.617 -4.508 10.521 11.833 12.125 12.278 12.462 12.877 12.994 13.098 11.365 11.838 12.359 12.737 13.097 12.133 -0.129 -0.380 -0.172 -0.790 -0.751 -0.709 -0.461 -0.397 3.184E+08
 55000. 9.5  1.461  7.203 -4.837 10.418 11.737 12.039 12.193 12.380 12.796 12.915 13.019 11.263 11.746 12.273 12.654 13.015 12.048 -0.132 -0.395 -0.186 -0.792 -0.757 -0.726 -0.474 -0.408 1.167E+08
 60000. 9.5  1.461  6.825 -5.139 10.330 11.654 11.964 12.118 12.307 12.726 12.846 12.950 11.174 11.665 12.198 12.581 12.944 11.973 -0.135 -0.406 -0.196 -0.795 -0.761 -0.739 -0.485 -0.417 2.443E+07
 65000. 9.5  1.463  6.475 -5.420 10.250 11.579 11.895 12.050 12.241 12.661 12.782 12.887 11.094 11.592 12.129 12.515 12.877 11.904 -0.137 -0.416 -0.205 -0.797 -0.765 -0.751 -0.493 -0.424 4.000E+06
 70000. 9.5  1.463  6.153 -5.680 10.179 11.512 11.834 11.989 12.182 12.603 12.726 12.830 11.023 11.527 12.068 12.455 12.819 11.843 -0.140 -0.424 -0.212 -0.799 -0.769 -0.760 -0.501 -0.430 1.566E+06
 75000. 9.5  1.462  5.855 -5.923 10.115 11.452 11.778 11.934 12.128 12.551 12.674 12.778 10.959 11.468 12.013 12.401 12.765 11.788 -0.141 -0.431 -0.219 -0.801 -0.772 -0.768 -0.507 -0.435 9.878E+05
 80000. 9.5  1.462  5.575 -6.151 10.055 11.395 11.725 11.882 12.077 12.501 12.625 12.730 10.900 11.412 11.960 12.350 12.715 11.736 -0.143 -0.437 -0.224 -0.802 -0.774 -0.776 -0.513 -0.440 7.476E+05
 85000. 9.5  1.461  5.312 -6.365  9.999 11.343 11.676 11.834 12.030 12.455 12.579 12.684 10.844 11.361 11.912 12.302 12.668 11.687 -0.144 -0.442 -0.229 -0.804 -0.777 -0.782 -0.518 -0.444 5.774E+05
 90000. 9.5  1.459  5.065 -6.566  9.949 11.294 11.632 11.789 11.987 12.412 12.538 12.642 10.794 11.314 11.867 12.259 12.625 11.642 -0.146 -0.447 -0.234 -0.805 -0.779 -0.788 -0.522 -0.448 3.708E+05
100000. 9.5  1.445  4.619 -6.938  9.863 11.213 11.556 11.715 11.914 12.341 12.467 12.572 10.708 11.234 11.792 12.186 12.552 11.567 -0.148 -0.456 -0.241 -0.807 -0.783 -0.798 -0.530 -0.454 3.709E+04
110000. 9.5  1.410  4.231 -7.273  9.802 11.156 11.504 11.663 11.864 12.293 12.420 12.525 10.648 11.179 11.740 12.136 12.503 11.515 -0.150 -0.462 -0.247 -0.810 -0.786 -0.806 -0.536 -0.460 1.428E+02
120000. 9.5  1.353  3.898 -7.578  9.768 11.125 11.476 11.636 11.838 12.269 12.397 12.502 10.613 11.149 11.713 12.110 12.478 11.488 -0.152 -0.468 -0.253 -0.812 -0.789 -0.813 -0.541 -0.465 1.314E-02
130000. 9.5  1.282  3.609 -7.859  9.753 11.113 11.468 11.628 11.832 12.263 12.392 12.497 10.598 11.137 11.704 12.103 12.471 11.479 -0.153 -0.474 -0.257 -0.813 -0.792 -0.820 -0.546 -0.469 3.910E-07
140000. 9.5  1.213  3.347 -8.117  9.744 11.106 11.464 11.625 11.830 12.263 12.391 12.497 10.589 11.132 11.701 12.101 12.470 11.476 -0.154 -0.478 -0.261 -0.815 -0.794 -0.825 -0.550 -0.472 8.472E-10
